>BTTCCGBTTT	1-BTTCCGBTTT	4.843315	-789.946769	0	T:18535.0(44.06%),B:14041.0(34.70%),P:1e-343	Tpos:100.4,Tstd:55.3,Bpos:100.1,Bstd:70.2,StrandBias:0.0,Multiplicity:1.43
0.051	0.372	0.241	0.337
0.001	0.040	0.094	0.865
0.001	0.016	0.105	0.878
0.009	0.592	0.053	0.346
0.001	0.926	0.072	0.001
0.057	0.121	0.767	0.055
0.052	0.288	0.391	0.268
0.070	0.128	0.168	0.634
0.049	0.148	0.093	0.710
0.130	0.202	0.150	0.518
>NAAATGGCGN	2-NAAATGGCGN	3.753032	-719.607467	0	T:22011.0(52.32%),B:17454.2(43.14%),P:1e-312	Tpos:100.3,Tstd:55.5,Bpos:98.5,Bstd:68.6,StrandBias:0.0,Multiplicity:1.40
0.272	0.242	0.249	0.237
0.565	0.139	0.145	0.151
0.604	0.126	0.143	0.127
0.536	0.149	0.155	0.160
0.162	0.169	0.155	0.514
0.145	0.170	0.530	0.155
0.146	0.167	0.542	0.145
0.130	0.582	0.155	0.133
0.133	0.151	0.573	0.143
0.235	0.259	0.281	0.225
>TASTTCCGCC	3-TASTTCCGCC	-6.881355	-465.136681	0	T:16288.0(38.72%),B:12830.6(31.71%),P:1e-202	Tpos:100.4,Tstd:55.4,Bpos:99.3,Bstd:67.1,StrandBias:-0.1,Multiplicity:1.20
0.001	0.001	0.001	0.997
0.997	0.001	0.001	0.001
0.001	0.440	0.558	0.001
0.001	0.001	0.001	0.997
0.001	0.001	0.001	0.997
0.001	0.997	0.001	0.001
0.001	0.997	0.001	0.001
0.001	0.001	0.997	0.001
0.001	0.997	0.001	0.001
0.001	0.997	0.001	0.001
>CGACGCAATA	4-CGACGCAATA	4.060489	-419.025880	0	T:15924.0(37.85%),B:12637.7(31.23%),P:1e-181	Tpos:100.6,Tstd:55.3,Bpos:100.1,Bstd:68.1,StrandBias:-0.0,Multiplicity:1.19
0.143	0.655	0.112	0.090
0.042	0.116	0.769	0.073
0.734	0.116	0.148	0.002
0.120	0.683	0.094	0.103
0.055	0.094	0.755	0.096
0.058	0.739	0.108	0.095
0.637	0.107	0.094	0.162
0.648	0.138	0.139	0.075
0.080	0.127	0.145	0.648
0.717	0.088	0.109	0.086
>TTTTTTCGCG	5-TTTTTTCGCG	4.417492	-376.448748	0	T:15772.0(37.49%),B:12634.1(31.22%),P:1e-163	Tpos:100.6,Tstd:55.9,Bpos:99.7,Bstd:72.1,StrandBias:-0.0,Multiplicity:1.19
0.117	0.152	0.150	0.581
0.036	0.178	0.151	0.635
0.083	0.173	0.134	0.610
0.057	0.159	0.138	0.646
0.086	0.178	0.175	0.561
0.139	0.155	0.168	0.538
0.125	0.563	0.159	0.153
0.119	0.155	0.599	0.127
0.088	0.625	0.165	0.122
0.093	0.149	0.641	0.117
>CAAAAAAAAA	6-CAAAAAAAAA	-15.258611	-260.561798	0	T:36125.0(85.87%),B:33073.9(81.74%),P:1e-113	Tpos:100.6,Tstd:57.3,Bpos:100.4,Bstd:68.4,StrandBias:0.0,Multiplicity:1.88
0.271	0.727	0.001	0.001
0.644	0.001	0.001	0.354
0.997	0.001	0.001	0.001
0.997	0.001	0.001	0.001
0.997	0.001	0.001	0.001
0.997	0.001	0.001	0.001
0.644	0.001	0.354	0.001
0.997	0.001	0.001	0.001
0.997	0.001	0.001	0.001
0.997	0.001	0.001	0.001
>AACCAATCGG	7-AACCAATCGG	5.036098	-251.844228	0	T:5313.0(12.63%),B:3771.3(9.32%),P:1e-109	Tpos:100.1,Tstd:55.8,Bpos:95.7,Bstd:68.0,StrandBias:0.0,Multiplicity:1.10
0.428	0.247	0.186	0.138
0.565	0.149	0.190	0.096
0.168	0.612	0.173	0.047
0.127	0.673	0.165	0.035
0.682	0.101	0.130	0.087
0.580	0.226	0.111	0.083
0.108	0.169	0.159	0.564
0.164	0.672	0.083	0.081
0.239	0.154	0.536	0.071
0.233	0.233	0.406	0.128
>TACCGTACGG	8-TACCGTACGG	2.512553	-236.201669	0	T:40530.0(96.34%),B:38042.9(94.02%),P:1e-102	Tpos:99.9,Tstd:55.7,Bpos:101.0,Bstd:67.4,StrandBias:0.0,Multiplicity:2.63
0.100	0.100	0.100	0.700
0.700	0.100	0.100	0.100
0.100	0.700	0.100	0.100
0.100	0.700	0.100	0.100
0.100	0.100	0.700	0.100
0.100	0.100	0.100	0.700
0.700	0.100	0.100	0.100
0.100	0.700	0.100	0.100
0.100	0.100	0.700	0.100
0.100	0.100	0.700	0.100
>GATATAACRC	9-GATATAACRC	-6.266042	-216.489024	0	T:32174.0(76.48%),B:29151.9(72.05%),P:1e-94	Tpos:99.5,Tstd:56.5,Bpos:100.3,Bstd:68.1,StrandBias:-0.0,Multiplicity:1.99
0.001	0.001	0.887	0.111
0.574	0.001	0.002	0.423
0.001	0.019	0.001	0.979
0.822	0.001	0.001	0.176
0.387	0.001	0.002	0.610
0.979	0.001	0.019	0.001
0.979	0.001	0.001	0.019
0.057	0.830	0.112	0.001
0.488	0.002	0.508	0.002
0.001	0.979	0.019	0.001
>GCGTTTTTTT	10-GCGTTTTTTT	5.144648	-185.915248	0	T:6285.0(14.94%),B:4786.2(11.83%),P:1e-80	Tpos:99.6,Tstd:55.6,Bpos:102.1,Bstd:72.0,StrandBias:-0.1,Multiplicity:1.10
0.102	0.099	0.702	0.097
0.138	0.618	0.118	0.126
0.092	0.089	0.698	0.121
0.066	0.093	0.110	0.731
0.089	0.078	0.113	0.720
0.062	0.105	0.109	0.724
0.081	0.108	0.106	0.705
0.084	0.101	0.091	0.724
0.084	0.104	0.116	0.696
0.092	0.102	0.121	0.685
>ATCTCGCGAT	11-ATCTCGCGAT	4.965054	-163.708613	0	T:8812.0(20.95%),B:7101.8(17.55%),P:1e-71	Tpos:99.7,Tstd:55.5,Bpos:100.7,Bstd:68.7,StrandBias:-0.0,Multiplicity:1.11
0.633	0.134	0.144	0.089
0.101	0.129	0.127	0.643
0.046	0.794	0.094	0.066
0.074	0.096	0.029	0.801
0.087	0.724	0.100	0.089
0.106	0.118	0.675	0.101
0.048	0.745	0.116	0.091
0.116	0.123	0.687	0.074
0.630	0.108	0.144	0.118
0.087	0.107	0.137	0.669
>KGCGCATGCG	12-KGCGCATGCG	6.812006	-149.531361	0	T:1577.0(3.75%),B:961.2(2.38%),P:1e-64	Tpos:98.4,Tstd:55.6,Bpos:84.5,Bstd:60.9,StrandBias:0.0,Multiplicity:1.09
0.081	0.252	0.264	0.402
0.267	0.110	0.524	0.099
0.084	0.750	0.091	0.075
0.192	0.043	0.704	0.061
0.134	0.630	0.154	0.082
0.652	0.066	0.071	0.211
0.303	0.043	0.080	0.574
0.059	0.093	0.665	0.183
0.135	0.637	0.099	0.129
0.075	0.086	0.704	0.135
>YYYCCCCCCH	13-YYYCCCCCCH	7.375696	-120.402509	0	T:6891.0(16.38%),B:5563.4(13.75%),P:1e-52	Tpos:99.1,Tstd:56.1,Bpos:97.9,Bstd:61.3,StrandBias:-0.0,Multiplicity:1.13
0.203	0.359	0.079	0.359
0.001	0.523	0.001	0.475
0.123	0.510	0.001	0.366
0.001	0.731	0.001	0.267
0.001	0.997	0.001	0.001
0.001	0.997	0.001	0.001
0.001	0.997	0.001	0.001
0.001	0.643	0.001	0.355
0.249	0.460	0.046	0.245
0.381	0.293	0.041	0.284
>CGTGACAGGA	14-CGTGACAGGA	4.458463	-106.855579	0	T:30986.0(73.66%),B:28523.8(70.49%),P:1e-46	Tpos:99.9,Tstd:55.6,Bpos:99.6,Bstd:63.4,StrandBias:0.0,Multiplicity:1.61
0.100	0.700	0.100	0.100
0.100	0.100	0.700	0.100
0.100	0.100	0.100	0.700
0.100	0.100	0.700	0.100
0.700	0.100	0.100	0.100
0.100	0.700	0.100	0.100
0.700	0.100	0.100	0.100
0.100	0.100	0.700	0.100
0.100	0.100	0.700	0.100
0.700	0.100	0.100	0.100
>TAACTAGCCG	15-TAACTAGCCG	6.732313	-67.670840	0	T:1187.0(2.82%),B:809.2(2.00%),P:1e-29	Tpos:100.7,Tstd:57.6,Bpos:107.8,Bstd:68.4,StrandBias:0.0,Multiplicity:1.00
0.063	0.039	0.115	0.783
0.699	0.141	0.134	0.026
0.725	0.066	0.150	0.059
0.020	0.845	0.098	0.037
0.020	0.124	0.101	0.755
0.856	0.077	0.017	0.050
0.020	0.087	0.873	0.020
0.036	0.842	0.098	0.024
0.030	0.913	0.002	0.055
0.075	0.127	0.715	0.083
>NGTAATCCGN	16-NGTAATCCGN	4.578406	-58.256102	0	T:2160.0(5.13%),B:1652.2(4.08%),P:1e-25	Tpos:99.0,Tstd:58.2,Bpos:96.8,Bstd:69.4,StrandBias:-0.1,Multiplicity:1.01
0.325	0.235	0.245	0.195
0.123	0.172	0.578	0.127
0.195	0.154	0.189	0.462
0.574	0.148	0.154	0.124
0.530	0.169	0.181	0.120
0.126	0.153	0.175	0.546
0.082	0.607	0.151	0.160
0.140	0.553	0.144	0.163
0.133	0.158	0.553	0.156
0.274	0.263	0.258	0.205
>CGAGGTTCTA	17-CGAGGTTCTA	11.281611	-52.852655	0	T:45.0(0.11%),B:6.0(0.01%),P:1e-22	Tpos:99.0,Tstd:57.6,Bpos:96.5,Bstd:54.3,StrandBias:0.4,Multiplicity:1.00
0.001	0.997	0.001	0.001
0.132	0.001	0.822	0.045
0.954	0.001	0.044	0.001
0.044	0.001	0.954	0.001
0.001	0.001	0.954	0.044
0.044	0.001	0.001	0.954
0.001	0.401	0.001	0.597
0.121	0.833	0.045	0.001
0.001	0.304	0.001	0.694
0.631	0.001	0.323	0.045
>RTRACGTTAT	18-RTRACGTTAT	9.748235	-51.884373	0	T:122.0(0.29%),B:41.4(0.10%),P:1e-22	Tpos:104.2,Tstd:60.1,Bpos:83.6,Bstd:50.9,StrandBias:-0.1,Multiplicity:1.00
0.363	0.119	0.396	0.122
0.001	0.265	0.001	0.733
0.403	0.001	0.449	0.147
0.997	0.001	0.001	0.001
0.001	0.997	0.001	0.001
0.237	0.001	0.761	0.001
0.001	0.001	0.001	0.997
0.001	0.367	0.001	0.631
0.880	0.001	0.001	0.118
0.001	0.001	0.001	0.997
>TAGGCGACYA	19-TAGGCGACYA	6.706954	-44.480656	0	T:337.0(0.80%),B:189.6(0.47%),P:1e-19	Tpos:98.7,Tstd:60.2,Bpos:96.1,Bstd:67.0,StrandBias:0.1,Multiplicity:1.00
0.206	0.139	0.251	0.404
0.420	0.241	0.192	0.147
0.145	0.016	0.767	0.072
0.071	0.093	0.813	0.023
0.173	0.533	0.186	0.108
0.227	0.067	0.639	0.067
0.657	0.074	0.183	0.086
0.119	0.630	0.181	0.070
0.054	0.317	0.164	0.465
0.479	0.165	0.187	0.169
>AACDACAACT	20-AACDACAACT	7.663114	-39.149543	0	T:234.0(0.56%),B:123.0(0.30%),P:1e-17	Tpos:98.4,Tstd:57.6,Bpos:73.8,Bstd:54.2,StrandBias:-0.0,Multiplicity:1.00
0.703	0.144	0.103	0.050
0.593	0.124	0.158	0.125
0.130	0.621	0.179	0.070
0.215	0.152	0.354	0.278
0.633	0.087	0.085	0.195
0.036	0.673	0.272	0.019
0.665	0.155	0.118	0.062
0.720	0.040	0.131	0.109
0.103	0.827	0.049	0.021
0.047	0.274	0.038	0.641
>TCAGGAGGCG	21-TCAGGAGGCG	12.092933	-28.087422	0	T:105.0(0.25%),B:46.4(0.11%),P:1e-12	Tpos:100.0,Tstd:57.2,Bpos:75.5,Bstd:42.3,StrandBias:0.8,Multiplicity:1.13
0.001	0.001	0.001	0.997
0.001	0.997	0.001	0.001
0.997	0.001	0.001	0.001
0.001	0.001	0.997	0.001
0.001	0.001	0.997	0.001
0.823	0.001	0.001	0.175
0.001	0.001	0.997	0.001
0.001	0.001	0.997	0.001
0.001	0.997	0.001	0.001
0.001	0.001	0.997	0.001
>ACTAACGCGA	22-ACTAACGCGA	9.614507	-27.977986	0	T:77.0(0.18%),B:29.7(0.07%),P:1e-12	Tpos:115.4,Tstd:54.7,Bpos:71.5,Bstd:20.5,StrandBias:-0.2,Multiplicity:1.00
0.965	0.001	0.033	0.001
0.001	0.997	0.001	0.001
0.034	0.034	0.001	0.931
0.805	0.001	0.193	0.001
0.965	0.001	0.033	0.001
0.001	0.965	0.033	0.001
0.034	0.001	0.864	0.101
0.033	0.965	0.001	0.001
0.001	0.100	0.898	0.001
0.831	0.034	0.101	0.034
>TATTGCTCGC	23-TATTGCTCGC	8.350283	-22.956187	0	T:135.0(0.32%),B:71.4(0.18%),P:1e-9	Tpos:77.1,Tstd:50.8,Bpos:93.1,Bstd:34.0,StrandBias:-0.8,Multiplicity:1.00
0.100	0.100	0.100	0.700
0.700	0.100	0.100	0.100
0.100	0.100	0.100	0.700
0.100	0.100	0.100	0.700
0.100	0.100	0.700	0.100
0.100	0.700	0.100	0.100
0.100	0.100	0.100	0.700
0.100	0.700	0.100	0.100
0.100	0.100	0.700	0.100
0.100	0.700	0.100	0.100
>CGVAGAGTCT	24-CGVAGAGTCT	11.032869	-16.706064	0	T:82.0(0.19%),B:41.9(0.10%),P:1e-7	Tpos:104.9,Tstd:51.0,Bpos:49.7,Bstd:44.0,StrandBias:0.7,Multiplicity:1.00
0.001	0.997	0.001	0.001
0.001	0.001	0.997	0.001
0.292	0.346	0.360	0.001
0.997	0.001	0.001	0.001
0.001	0.296	0.496	0.207
0.997	0.001	0.001	0.001
0.001	0.001	0.997	0.001
0.001	0.001	0.001	0.997
0.001	0.997	0.001	0.001
0.001	0.001	0.001	0.997
>CGTGTAATCG	25-CGTGTAATCG	8.398858	-14.877292	0	T:130.0(0.31%),B:78.4(0.19%),P:1e-6	Tpos:99.3,Tstd:59.8,Bpos:130.2,Bstd:30.6,StrandBias:-0.2,Multiplicity:1.00
0.096	0.599	0.060	0.245
0.037	0.104	0.816	0.043
0.012	0.031	0.055	0.902
0.019	0.019	0.956	0.006
0.025	0.104	0.153	0.718
0.805	0.086	0.097	0.012
0.814	0.031	0.025	0.130
0.019	0.049	0.019	0.913
0.019	0.655	0.177	0.149
0.024	0.001	0.938	0.037
>THWHTDDCGTTT	1-THWHTDDCGTTT	1.148497	-1034.659464	0	T:22554.0(53.61%),B:17234.1(42.59%),P:1e-449	Tpos:100.4,Tstd:54.7,Bpos:99.6,Bstd:69.8,StrandBias:0.0,Multiplicity:1.52
0.386	0.001	0.076	0.537
0.226	0.249	0.185	0.339
0.462	0.006	0.018	0.514
0.366	0.322	0.001	0.312
0.320	0.001	0.001	0.678
0.249	0.081	0.362	0.309
0.343	0.001	0.379	0.277
0.001	0.997	0.001	0.001
0.001	0.001	0.997	0.001
0.166	0.222	0.231	0.381
0.001	0.417	0.013	0.569
0.275	0.206	0.036	0.483
>VWNDMCGWWHNC	2-VWNDMCGWWHNC	0.325743	-973.505399	0	T:24455.0(58.13%),B:19185.0(47.41%),P:1e-422	Tpos:99.4,Tstd:55.8,Bpos:99.8,Bstd:71.0,StrandBias:-0.0,Multiplicity:1.26
0.242	0.215	0.352	0.192
0.437	0.001	0.255	0.307
0.310	0.209	0.224	0.257
0.348	0.001	0.291	0.360
0.334	0.450	0.215	0.001
0.001	0.997	0.001	0.001
0.001	0.001	0.997	0.001
0.447	0.001	0.001	0.551
0.440	0.001	0.001	0.558
0.255	0.237	0.169	0.339
0.208	0.290	0.201	0.301
0.177	0.412	0.171	0.239
>GBCCGCCTTAKG	3-GBCCGCCTTAKG	-0.541539	-519.205318	0	T:29155.0(69.30%),B:25011.3(61.81%),P:1e-225	Tpos:100.0,Tstd:55.2,Bpos:101.0,Bstd:68.6,StrandBias:-0.0,Multiplicity:1.51
0.051	0.299	0.522	0.128
0.072	0.307	0.241	0.380
0.100	0.840	0.020	0.040
0.001	0.959	0.039	0.001
0.001	0.001	0.997	0.001
0.129	0.523	0.298	0.050
0.001	0.959	0.020	0.020
0.010	0.001	0.189	0.800
0.029	0.001	0.001	0.969
0.997	0.001	0.001	0.001
0.101	0.073	0.422	0.405
0.123	0.271	0.471	0.134
>GCGGAAGTHACT	4-GCGGAAGTHACT	-11.019526	-301.313790	0	T:15736.0(37.41%),B:12863.8(31.79%),P:1e-130	Tpos:100.3,Tstd:55.2,Bpos:99.7,Bstd:64.6,StrandBias:0.0,Multiplicity:1.18
0.001	0.001	0.997	0.001
0.001	0.997	0.001	0.001
0.001	0.001	0.997	0.001
0.001	0.001	0.997	0.001
0.997	0.001	0.001	0.001
0.997	0.001	0.001	0.001
0.001	0.001	0.997	0.001
0.001	0.001	0.001	0.997
0.333	0.333	0.001	0.333
0.997	0.001	0.001	0.001
0.001	0.997	0.001	0.001
0.001	0.001	0.001	0.997
>YACTTTCTBTTT	5-YACTTTCTBTTT	10.322851	-184.359444	0	T:658.0(1.56%),B:273.5(0.68%),P:1e-80	Tpos:98.4,Tstd:55.1,Bpos:100.4,Bstd:68.2,StrandBias:-0.2,Multiplicity:1.03
0.014	0.374	0.122	0.491
0.693	0.063	0.243	0.001
0.001	0.728	0.240	0.031
0.001	0.001	0.001	0.997
0.001	0.001	0.001	0.997
0.001	0.416	0.001	0.582
0.001	0.997	0.001	0.001
0.313	0.080	0.001	0.606
0.007	0.398	0.294	0.301
0.001	0.001	0.001	0.997
0.001	0.001	0.001	0.997
0.001	0.001	0.001	0.997
>KRACCAATCGGA	6-KRACCAATCGGA	5.003051	-177.857588	0	T:5017.0(11.93%),B:3718.7(9.19%),P:1e-77	Tpos:99.6,Tstd:54.9,Bpos:89.7,Bstd:67.1,StrandBias:0.0,Multiplicity:1.15
0.104	0.165	0.330	0.401
0.426	0.216	0.337	0.020
0.692	0.035	0.221	0.052
0.017	0.944	0.031	0.008
0.033	0.924	0.021	0.022
0.894	0.036	0.045	0.025
0.953	0.002	0.012	0.033
0.015	0.038	0.002	0.945
0.071	0.837	0.075	0.017
0.077	0.118	0.791	0.014
0.174	0.220	0.476	0.130
0.470	0.218	0.163	0.148
>CCGTGACACGAA	7-CCGTGACACGAA	4.571791	-176.951634	0	T:23558.0(56.00%),B:20826.9(51.47%),P:1e-76	Tpos:100.3,Tstd:55.0,Bpos:100.0,Bstd:66.3,StrandBias:0.0,Multiplicity:1.40
0.100	0.700	0.100	0.100
0.100	0.700	0.100	0.100
0.100	0.100	0.700	0.100
0.100	0.100	0.100	0.700
0.100	0.100	0.700	0.100
0.700	0.100	0.100	0.100
0.100	0.700	0.100	0.100
0.700	0.100	0.100	0.100
0.100	0.700	0.100	0.100
0.100	0.100	0.700	0.100
0.700	0.100	0.100	0.100
0.700	0.100	0.100	0.100
>GGGGGGGGGAAA	8-GGGGGGGGGAAA	5.919182	-150.496411	0	T:19199.0(45.64%),B:16793.1(41.50%),P:1e-65	Tpos:99.8,Tstd:54.8,Bpos:97.8,Bstd:64.4,StrandBias:0.0,Multiplicity:1.43
0.090	0.065	0.785	0.060
0.092	0.076	0.783	0.049
0.108	0.050	0.804	0.038
0.155	0.045	0.756	0.044
0.149	0.118	0.687	0.046
0.128	0.098	0.717	0.057
0.124	0.072	0.760	0.044
0.096	0.015	0.871	0.018
0.143	0.034	0.807	0.016
0.681	0.062	0.223	0.034
0.671	0.072	0.224	0.033
0.656	0.069	0.231	0.044
>GCGCATGCGCAN	9-GCGCATGCGCAN	9.649730	-108.206812	0	T:1506.0(3.58%),B:979.1(2.42%),P:1e-46	Tpos:96.4,Tstd:55.0,Bpos:83.5,Bstd:58.1,StrandBias:0.0,Multiplicity:1.11
0.089	0.018	0.887	0.006
0.043	0.912	0.038	0.007
0.071	0.008	0.918	0.003
0.004	0.966	0.011	0.019
0.772	0.137	0.028	0.063
0.094	0.061	0.092	0.753
0.006	0.013	0.978	0.003
0.010	0.929	0.010	0.051
0.003	0.021	0.945	0.031
0.006	0.918	0.011	0.065
0.752	0.073	0.102	0.073
0.249	0.258	0.221	0.271
>ACTACAATTCCC	10-ACTACAATTCCC	6.929448	-93.453887	0	T:741.0(1.76%),B:418.1(1.03%),P:1e-40	Tpos:98.1,Tstd:54.6,Bpos:81.1,Bstd:72.2,StrandBias:0.1,Multiplicity:1.13
0.986	0.012	0.001	0.001
0.001	0.997	0.001	0.001
0.001	0.012	0.001	0.986
0.986	0.001	0.012	0.001
0.013	0.979	0.004	0.004
0.991	0.004	0.001	0.004
0.693	0.001	0.119	0.187
0.265	0.139	0.001	0.595
0.025	0.057	0.001	0.917
0.004	0.991	0.001	0.004
0.001	0.997	0.001	0.001
0.003	0.995	0.001	0.001
>AAATGGCGGAGC	11-AAATGGCGGAGC	10.209578	-86.618133	0	T:502.0(1.19%),B:256.1(0.63%),P:1e-37	Tpos:104.1,Tstd:56.1,Bpos:100.3,Bstd:61.2,StrandBias:-0.0,Multiplicity:1.01
0.798	0.067	0.122	0.013
0.659	0.107	0.221	0.013
0.805	0.044	0.134	0.017
0.079	0.029	0.186	0.706
0.024	0.021	0.942	0.013
0.011	0.014	0.957	0.018
0.092	0.810	0.050	0.048
0.053	0.018	0.897	0.032
0.025	0.035	0.936	0.004
0.737	0.202	0.051	0.010
0.024	0.051	0.912	0.013
0.023	0.842	0.110	0.025
>AAAAAACCMCAM	12-AAAAAACCMCAM	10.080850	-76.124997	0	T:435.0(1.03%),B:221.4(0.55%),P:1e-33	Tpos:99.5,Tstd:56.9,Bpos:97.2,Bstd:75.2,StrandBias:0.0,Multiplicity:1.03
0.976	0.015	0.006	0.003
0.950	0.046	0.003	0.001
0.962	0.003	0.034	0.001
0.975	0.015	0.009	0.001
0.961	0.015	0.023	0.001
0.862	0.006	0.039	0.093
0.169	0.576	0.055	0.200
0.194	0.804	0.001	0.001
0.443	0.355	0.001	0.201
0.286	0.684	0.012	0.018
0.679	0.012	0.177	0.132
0.470	0.453	0.074	0.003
>CGCTTYCGGGTT	13-CGCTTYCGGGTT	11.568553	-64.013814	0	T:113.0(0.27%),B:31.7(0.08%),P:1e-27	Tpos:100.0,Tstd:56.0,Bpos:107.5,Bstd:32.9,StrandBias:-0.3,Multiplicity:1.00
0.001	0.689	0.299	0.011
0.001	0.035	0.963	0.001
0.001	0.871	0.127	0.001
0.001	0.085	0.001	0.913
0.001	0.032	0.011	0.956
0.001	0.526	0.001	0.472
0.001	0.816	0.032	0.151
0.006	0.087	0.747	0.160
0.001	0.013	0.985	0.001
0.028	0.189	0.472	0.311
0.001	0.043	0.172	0.784
0.001	0.001	0.021	0.977
>AGAAACGGGCCG	14-AGAAACGGGCCG	12.255233	-50.718962	0	T:50.0(0.12%),B:8.5(0.02%),P:1e-22	Tpos:95.4,Tstd:55.4,Bpos:82.5,Bstd:42.9,StrandBias:0.1,Multiplicity:1.00
0.903	0.001	0.073	0.023
0.001	0.001	0.997	0.001
0.777	0.221	0.001	0.001
0.938	0.001	0.001	0.060
0.877	0.061	0.061	0.001
0.061	0.877	0.061	0.001
0.060	0.001	0.938	0.001
0.001	0.001	0.938	0.060
0.001	0.001	0.997	0.001
0.001	0.869	0.129	0.001
0.001	0.938	0.001	0.060
0.061	0.122	0.695	0.122
>CCGGGCTGTTTT	15-CCGGGCTGTTTT	11.478226	-43.956712	0	T:54.0(0.13%),B:11.1(0.03%),P:1e-19	Tpos:106.3,Tstd:57.5,Bpos:134.0,Bstd:0.0,StrandBias:-0.1,Multiplicity:1.00
0.001	0.891	0.054	0.054
0.001	0.758	0.240	0.001
0.001	0.054	0.944	0.001
0.357	0.001	0.641	0.001
0.001	0.001	0.997	0.001
0.055	0.826	0.010	0.109
0.001	0.001	0.054	0.944
0.001	0.001	0.997	0.001
0.001	0.001	0.222	0.776
0.001	0.001	0.054	0.944
0.055	0.085	0.055	0.805
0.080	0.055	0.055	0.810
>CTTGCGTGCTCG	16-CTTGCGTGCTCG	11.060046	-42.256996	0	T:60.0(0.14%),B:14.3(0.04%),P:1e-18	Tpos:97.9,Tstd:56.5,Bpos:101.7,Bstd:73.8,StrandBias:-0.4,Multiplicity:1.00
0.001	0.935	0.029	0.035
0.029	0.106	0.053	0.812
0.036	0.024	0.035	0.905
0.012	0.071	0.888	0.029
0.035	0.829	0.101	0.035
0.012	0.183	0.751	0.054
0.036	0.030	0.186	0.748
0.012	0.123	0.835	0.030
0.006	0.929	0.053	0.012
0.036	0.024	0.040	0.900
0.024	0.876	0.053	0.047
0.029	0.304	0.607	0.060
>AATTTGTTGCTT	17-AATTTGTTGCTT	10.336867	-40.237400	0	T:44.0(0.10%),B:8.4(0.02%),P:1e-17	Tpos:90.6,Tstd:56.7,Bpos:96.1,Bstd:30.8,StrandBias:-0.8,Multiplicity:1.00
0.762	0.059	0.094	0.085
0.827	0.053	0.037	0.083
0.085	0.069	0.071	0.775
0.085	0.036	0.037	0.842
0.011	0.001	0.001	0.987
0.084	0.059	0.750	0.107
0.071	0.090	0.024	0.815
0.072	0.001	0.059	0.868
0.114	0.071	0.739	0.076
0.012	0.870	0.059	0.059
0.035	0.083	0.001	0.881
0.037	0.059	0.013	0.891
>AAGAGACGCTCT	18-AAGAGACGCTCT	10.608135	-33.713939	0	T:58.0(0.14%),B:16.3(0.04%),P:1e-14	Tpos:99.7,Tstd:50.4,Bpos:132.9,Bstd:30.8,StrandBias:0.4,Multiplicity:1.00
0.842	0.043	0.026	0.089
0.858	0.035	0.053	0.054
0.017	0.001	0.965	0.017
0.867	0.053	0.062	0.018
0.017	0.071	0.911	0.001
0.745	0.061	0.123	0.071
0.045	0.741	0.169	0.045
0.106	0.044	0.762	0.088
0.061	0.834	0.087	0.018
0.036	0.053	0.061	0.850
0.018	0.850	0.079	0.053
0.054	0.115	0.036	0.795
>CTGCGCTTGCTA	19-CTGCGCTTGCTA	11.234048	-31.358463	0	T:52.0(0.12%),B:14.6(0.04%),P:1e-13	Tpos:97.8,Tstd:54.7,Bpos:99.2,Bstd:49.6,StrandBias:0.2,Multiplicity:1.02
0.012	0.968	0.019	0.001
0.064	0.038	0.096	0.802
0.026	0.045	0.884	0.045
0.045	0.866	0.057	0.032
0.057	0.019	0.809	0.115
0.019	0.897	0.045	0.039
0.051	0.057	0.032	0.860
0.014	0.045	0.026	0.915
0.019	0.070	0.859	0.052
0.038	0.760	0.145	0.057
0.064	0.066	0.104	0.766
0.628	0.066	0.222	0.084
>TAGCTTCGCTCT	20-TAGCTTCGCTCT	10.409522	-29.728874	0	T:35.0(0.08%),B:7.1(0.02%),P:1e-12	Tpos:102.2,Tstd:47.7,Bpos:106.7,Bstd:34.8,StrandBias:0.8,Multiplicity:1.00
0.100	0.100	0.100	0.700
0.700	0.100	0.100	0.100
0.100	0.100	0.700	0.100
0.100	0.700	0.100	0.100
0.100	0.100	0.100	0.700
0.100	0.100	0.100	0.700
0.100	0.700	0.100	0.100
0.100	0.100	0.700	0.100
0.100	0.700	0.100	0.100
0.100	0.100	0.100	0.700
0.100	0.700	0.100	0.100
0.100	0.100	0.100	0.700
>AAACYCGGMCCC	21-AAACYCGGMCCC	9.629090	-27.955683	0	T:70.0(0.17%),B:25.9(0.06%),P:1e-12	Tpos:97.3,Tstd:53.7,Bpos:83.8,Bstd:43.5,StrandBias:-0.4,Multiplicity:1.00
0.775	0.161	0.063	0.001
0.613	0.289	0.059	0.039
0.481	0.178	0.195	0.146
0.079	0.846	0.013	0.062
0.119	0.319	0.111	0.452
0.034	0.536	0.329	0.101
0.265	0.001	0.670	0.064
0.334	0.001	0.538	0.127
0.510	0.420	0.059	0.011
0.162	0.498	0.206	0.135
0.021	0.887	0.030	0.062
0.012	0.816	0.171	0.001
>TCGKTCCGCYCA	22-TCGKTCCGCYCA	11.084282	-22.545926	0	T:54.0(0.13%),B:19.2(0.05%),P:1e-9	Tpos:101.3,Tstd:50.3,Bpos:60.7,Bstd:9.6,StrandBias:0.6,Multiplicity:1.00
0.018	0.009	0.001	0.972
0.019	0.741	0.231	0.009
0.284	0.202	0.494	0.019
0.160	0.114	0.290	0.436
0.001	0.001	0.001	0.997
0.001	0.806	0.192	0.001
0.038	0.743	0.019	0.200
0.047	0.367	0.585	0.001
0.018	0.953	0.028	0.001
0.009	0.557	0.011	0.423
0.009	0.830	0.142	0.019
0.634	0.038	0.158	0.170
>CGATGCACCGCC	23-CGATGCACCGCC	11.179548	-18.872342	0	T:52.0(0.12%),B:20.9(0.05%),P:1e-8	Tpos:97.9,Tstd:46.4,Bpos:106.0,Bstd:1.3,StrandBias:-0.3,Multiplicity:1.04
0.043	0.780	0.135	0.042
0.056	0.063	0.853	0.028
0.792	0.095	0.050	0.063
0.099	0.122	0.132	0.647
0.021	0.056	0.888	0.035
0.035	0.922	0.036	0.007
0.873	0.041	0.043	0.043
0.063	0.832	0.077	0.028
0.049	0.846	0.063	0.042
0.014	0.154	0.831	0.001
0.021	0.880	0.092	0.007
0.056	0.872	0.050	0.022
>AAGCCCTCTTAA	24-AAGCCCTCTTAA	10.717347	-18.039366	0	T:37.0(0.09%),B:12.6(0.03%),P:1e-7	Tpos:105.6,Tstd:58.6,Bpos:108.5,Bstd:47.1,StrandBias:0.7,Multiplicity:1.00
0.885	0.040	0.054	0.021
0.889	0.020	0.040	0.051
0.070	0.030	0.890	0.010
0.081	0.809	0.030	0.080
0.041	0.848	0.040	0.071
0.071	0.838	0.030	0.061
0.050	0.070	0.020	0.860
0.042	0.825	0.042	0.091
0.060	0.050	0.050	0.840
0.061	0.137	0.070	0.732
0.742	0.098	0.090	0.070
0.870	0.040	0.070	0.020
>CTGGAAAATCCG	25-CTGGAAAATCCG	10.858739	-9.770097	0	T:54.0(0.13%),B:29.1(0.07%),P:1e-4	Tpos:85.6,Tstd:56.2,Bpos:87.8,Bstd:62.9,StrandBias:0.9,Multiplicity:1.00
0.046	0.855	0.046	0.053
0.008	0.038	0.038	0.916
0.031	0.031	0.885	0.053
0.038	0.077	0.839	0.046
0.863	0.068	0.054	0.015
0.915	0.038	0.039	0.008
0.765	0.046	0.158	0.031
0.736	0.140	0.070	0.054
0.061	0.071	0.135	0.733
0.038	0.862	0.024	0.076
0.070	0.812	0.047	0.071
0.061	0.031	0.839	0.069
>WCCGKAAT	1-WCCGKAAT	3.056679	-1524.666641	0	T:26262.0(62.43%),B:19845.0(49.05%),P:1e-662	Tpos:100.4,Tstd:55.8,Bpos:99.3,Bstd:71.4,StrandBias:-0.0,Multiplicity:1.73
0.375	0.046	0.162	0.417
0.245	0.415	0.208	0.132
0.001	0.997	0.001	0.001
0.001	0.001	0.997	0.001
0.156	0.020	0.408	0.416
0.706	0.001	0.001	0.292
0.635	0.001	0.001	0.363
0.274	0.030	0.253	0.444
>CGNYWWWW	2-CGNYWWWW	3.437966	-1487.563085	0	T:27354.0(65.02%),B:20991.2(51.88%),P:1e-646	Tpos:99.6,Tstd:56.1,Bpos:98.6,Bstd:71.6,StrandBias:0.0,Multiplicity:1.64
0.001	0.997	0.001	0.001
0.001	0.001	0.997	0.001
0.257	0.288	0.211	0.243
0.185	0.353	0.188	0.275
0.374	0.176	0.199	0.250
0.384	0.154	0.104	0.358
0.413	0.111	0.041	0.435
0.399	0.134	0.116	0.351
>MCGHMAVA	3-MCGHMAVA	3.303162	-1346.519362	0	T:35758.0(85.00%),B:30186.9(74.60%),P:1e-584	Tpos:100.3,Tstd:56.8,Bpos:100.3,Bstd:70.5,StrandBias:0.0,Multiplicity:1.65
0.410	0.306	0.189	0.095
0.001	0.997	0.001	0.001
0.001	0.001	0.997	0.001
0.342	0.302	0.055	0.301
0.425	0.303	0.271	0.001
0.558	0.386	0.044	0.012
0.417	0.307	0.275	0.001
0.798	0.095	0.105	0.002
>ACHSTHCG	4-ACHSTHCG	2.910443	-1136.530753	0	T:36914.0(87.75%),B:31906.0(78.85%),P:1e-493	Tpos:100.1,Tstd:57.0,Bpos:101.6,Bstd:69.9,StrandBias:0.0,Multiplicity:1.58
0.551	0.045	0.209	0.195
0.161	0.493	0.186	0.160
0.352	0.286	0.069	0.293
0.135	0.370	0.287	0.207
0.206	0.067	0.258	0.468
0.342	0.208	0.144	0.305
0.043	0.820	0.131	0.006
0.081	0.089	0.784	0.046
>DTDRCGWV	5-DTDRCGWV	3.216451	-1072.045680	0	T:34404.0(81.78%),B:29174.1(72.10%),P:1e-465	Tpos:99.9,Tstd:56.3,Bpos:100.7,Bstd:71.0,StrandBias:-0.0,Multiplicity:1.59
0.357	0.052	0.343	0.248
0.239	0.125	0.184	0.452
0.317	0.060	0.264	0.358
0.394	0.033	0.416	0.156
0.001	0.926	0.001	0.072
0.044	0.001	0.954	0.001
0.457	0.059	0.087	0.397
0.340	0.275	0.295	0.090
>CGGATACM	6-CGGATACM	1.768124	-1002.465633	0	T:23527.0(55.92%),B:18229.6(45.05%),P:1e-435	Tpos:99.4,Tstd:58.1,Bpos:103.8,Bstd:71.7,StrandBias:-0.1,Multiplicity:1.05
0.001	0.997	0.001	0.001
0.001	0.001	0.997	0.001
0.129	0.146	0.662	0.063
0.705	0.001	0.001	0.293
0.328	0.001	0.001	0.670
0.669	0.315	0.001	0.015
0.075	0.674	0.001	0.250
0.430	0.408	0.001	0.161
>AATKGCGG	7-AATKGCGG	3.913007	-812.850513	0	T:30966.0(73.61%),B:26074.9(64.44%),P:1e-353	Tpos:100.1,Tstd:56.4,Bpos:100.5,Bstd:68.0,StrandBias:0.0,Multiplicity:1.51
0.588	0.140	0.206	0.066
0.498	0.028	0.266	0.208
0.074	0.072	0.074	0.780
0.122	0.073	0.439	0.365
0.029	0.071	0.710	0.190
0.047	0.888	0.037	0.028
0.001	0.086	0.857	0.056
0.102	0.047	0.794	0.057
>NCAATCGN	8-NCAATCGN	3.145397	-770.360534	0	T:26096.0(62.03%),B:21268.0(52.56%),P:1e-334	Tpos:100.5,Tstd:56.4,Bpos:100.1,Bstd:69.8,StrandBias:-0.0,Multiplicity:1.35
0.247	0.245	0.264	0.243
0.134	0.463	0.213	0.191
0.661	0.082	0.069	0.188
0.492	0.178	0.141	0.188
0.159	0.181	0.196	0.465
0.087	0.773	0.119	0.021
0.069	0.183	0.661	0.087
0.243	0.261	0.241	0.255
>TAACGCGA	9-TAACGCGA	3.954090	-502.812913	0	T:15012.0(35.68%),B:11562.9(28.58%),P:1e-218	Tpos:99.6,Tstd:56.2,Bpos:97.7,Bstd:70.0,StrandBias:-0.0,Multiplicity:1.17
0.104	0.154	0.023	0.719
0.685	0.140	0.127	0.048
0.676	0.066	0.091	0.167
0.089	0.734	0.068	0.109
0.008	0.038	0.934	0.020
0.108	0.690	0.131	0.071
0.118	0.104	0.777	0.001
0.782	0.084	0.007	0.127
>GGGGGGGG	10-GGGGGGGG	1.881848	-168.584448	0	T:23255.0(55.28%),B:20578.9(50.86%),P:1e-73	Tpos:99.9,Tstd:55.9,Bpos:96.4,Bstd:65.1,StrandBias:0.0,Multiplicity:1.69
0.098	0.001	0.900	0.001
0.001	0.001	0.997	0.001
0.001	0.001	0.997	0.001
0.001	0.001	0.997	0.001
0.001	0.001	0.997	0.001
0.001	0.001	0.997	0.001
0.001	0.001	0.997	0.001
0.113	0.001	0.885	0.001
>GGAAGTGA	11-GGAAGTGA	6.707989	-161.688125	0	T:2024.0(4.81%),B:1286.3(3.18%),P:1e-70	Tpos:99.2,Tstd:57.2,Bpos:101.3,Bstd:64.4,StrandBias:0.2,Multiplicity:1.04
0.001	0.001	0.997	0.001
0.001	0.001	0.997	0.001
0.997	0.001	0.001	0.001
0.931	0.067	0.001	0.001
0.149	0.001	0.849	0.001
0.001	0.001	0.001	0.997
0.001	0.001	0.775	0.223
0.997	0.001	0.001	0.001
>STWGATCG	12-STWGATCG	6.146988	-139.526947	0	T:3170.0(7.54%),B:2264.4(5.60%),P:1e-60	Tpos:97.7,Tstd:57.3,Bpos:97.7,Bstd:69.8,StrandBias:0.0,Multiplicity:1.02
0.001	0.493	0.505	0.001
0.212	0.219	0.001	0.568
0.572	0.001	0.003	0.424
0.014	0.162	0.819	0.005
0.515	0.213	0.212	0.060
0.317	0.002	0.001	0.680
0.058	0.940	0.001	0.001
0.001	0.049	0.949	0.001
>CGTTGCTA	13-CGTTGCTA	5.868327	-128.700577	0	T:4027.0(9.57%),B:3020.4(7.46%),P:1e-55	Tpos:99.5,Tstd:56.8,Bpos:102.6,Bstd:71.1,StrandBias:-0.0,Multiplicity:1.02
0.126	0.662	0.142	0.070
0.001	0.081	0.917	0.001
0.001	0.283	0.118	0.598
0.207	0.042	0.053	0.698
0.028	0.322	0.586	0.064
0.001	0.887	0.111	0.001
0.232	0.208	0.001	0.559
0.676	0.001	0.061	0.262
>TTTCACTT	14-TTTCACTT	7.616335	-108.871017	0	T:1047.0(2.49%),B:623.5(1.54%),P:1e-47	Tpos:102.4,Tstd:55.3,Bpos:100.9,Bstd:68.3,StrandBias:-0.0,Multiplicity:1.04
0.001	0.001	0.001	0.997
0.001	0.001	0.001	0.997
0.001	0.001	0.001	0.997
0.001	0.997	0.001	0.001
0.997	0.001	0.001	0.001
0.001	0.644	0.354	0.001
0.001	0.001	0.049	0.949
0.001	0.001	0.001	0.997
>CSWATCAA	15-CSWATCAA	7.069814	-106.384728	0	T:1742.0(4.14%),B:1171.9(2.90%),P:1e-46	Tpos:98.3,Tstd:56.7,Bpos:92.2,Bstd:64.2,StrandBias:0.2,Multiplicity:1.04
0.001	0.997	0.001	0.001
0.001	0.442	0.556	0.001
0.420	0.075	0.168	0.337
0.711	0.001	0.191	0.097
0.001	0.113	0.001	0.885
0.001	0.997	0.001	0.001
0.997	0.001	0.001	0.001
0.685	0.159	0.155	0.001
>AACCCGTA	16-AACCCGTA	5.591350	-88.396068	0	T:1205.0(2.86%),B:780.6(1.93%),P:1e-38	Tpos:102.2,Tstd:57.4,Bpos:97.0,Bstd:71.7,StrandBias:-0.1,Multiplicity:1.01
0.732	0.001	0.001	0.266
0.715	0.001	0.001	0.283
0.001	0.971	0.027	0.001
0.001	0.910	0.001	0.088
0.001	0.997	0.001	0.001
0.001	0.001	0.997	0.001
0.001	0.001	0.001	0.997
0.677	0.001	0.001	0.321
>CCGTAACC	17-CCGTAACC	8.345396	-78.153407	0	T:1538.0(3.66%),B:1070.3(2.65%),P:1e-33	Tpos:99.4,Tstd:55.1,Bpos:103.7,Bstd:62.6,StrandBias:0.1,Multiplicity:1.00
0.001	0.997	0.001	0.001
0.183	0.815	0.001	0.001
0.001	0.197	0.636	0.166
0.001	0.001	0.174	0.824
0.997	0.001	0.001	0.001
0.721	0.001	0.277	0.001
0.001	0.997	0.001	0.001
0.001	0.997	0.001	0.001
>RGCTTMCG	18-RGCTTMCG	7.937621	-55.764348	0	T:1434.0(3.41%),B:1043.2(2.58%),P:1e-24	Tpos:97.9,Tstd:58.1,Bpos:111.5,Bstd:72.2,StrandBias:-0.5,Multiplicity:1.01
0.356	0.045	0.441	0.157
0.001	0.001	0.997	0.001
0.001	0.623	0.375	0.001
0.001	0.001	0.022	0.976
0.027	0.001	0.001	0.971
0.430	0.425	0.144	0.001
0.001	0.997	0.001	0.001
0.001	0.001	0.614	0.384
>CVAACAAC	19-CVAACAAC	5.843370	-41.314673	0	T:2405.0(5.72%),B:1934.7(4.78%),P:1e-17	Tpos:99.6,Tstd:56.7,Bpos:101.4,Bstd:58.5,StrandBias:-0.1,Multiplicity:1.01
0.001	0.997	0.001	0.001
0.310	0.233	0.372	0.084
0.681	0.047	0.271	0.001
0.997	0.001	0.001	0.001
0.001	0.997	0.001	0.001
0.945	0.053	0.001	0.001
0.997	0.001	0.001	0.001
0.001	0.997	0.001	0.001
>CGGAGTAC	20-CGGAGTAC	8.808053	-25.257826	0	T:92.0(0.22%),B:40.5(0.10%),P:1e-10	Tpos:103.2,Tstd:50.9,Bpos:87.7,Bstd:50.2,StrandBias:0.4,Multiplicity:1.00
0.001	0.997	0.001	0.001
0.001	0.001	0.997	0.001
0.001	0.001	0.997	0.001
0.558	0.283	0.001	0.158
0.001	0.156	0.570	0.273
0.156	0.001	0.176	0.667
0.873	0.125	0.001	0.001
0.344	0.556	0.099	0.001
>ACGAAGTS	21-ACGAAGTS	6.607704	-16.918944	0	T:1091.0(2.59%),B:890.4(2.20%),P:1e-7	Tpos:97.6,Tstd:56.2,Bpos:93.8,Bstd:64.3,StrandBias:0.7,Multiplicity:1.00
0.943	0.001	0.055	0.001
0.001	0.997	0.001	0.001
0.001	0.001	0.997	0.001
0.997	0.001	0.001	0.001
0.724	0.274	0.001	0.001
0.157	0.001	0.537	0.305
0.001	0.001	0.001	0.997
0.001	0.463	0.535	0.001
>GCGCAACC	22-GCGCAACC	8.613743	-13.318461	0	T:769.0(1.83%),B:623.7(1.54%),P:1e-5	Tpos:107.1,Tstd:50.1,Bpos:5.0,Bstd:0.0,StrandBias:-0.3,Multiplicity:1.00
0.001	0.001	0.997	0.001
0.001	0.997	0.001	0.001
0.001	0.001	0.997	0.001
0.293	0.528	0.001	0.178
0.706	0.001	0.001	0.292
0.997	0.001	0.001	0.001
0.001	0.997	0.001	0.001
0.001	0.997	0.001	0.001
>GAGTCGTT	23-GAGTCGTT	6.646474	-12.770472	0	T:184.0(0.44%),B:124.1(0.31%),P:1e-5	Tpos:107.9,Tstd:42.9,Bpos:79.1,Bstd:36.2,StrandBias:-1.0,Multiplicity:1.00
0.001	0.012	0.986	0.001
0.997	0.001	0.001	0.001
0.001	0.001	0.997	0.001
0.001	0.001	0.001	0.997
0.001	0.997	0.001	0.001
0.001	0.001	0.997	0.001
0.001	0.001	0.001	0.997
0.001	0.001	0.001	0.997
>CGASTGCA	24-CGASTGCA	8.183121	-10.045468	0	T:1296.0(3.08%),B:1117.5(2.76%),P:1e-4	Tpos:83.7,Tstd:71.1,Bpos:75.5,Bstd:53.8,StrandBias:0.4,Multiplicity:1.00
0.001	0.997	0.001	0.001
0.001	0.001	0.997	0.001
0.997	0.001	0.001	0.001
0.001	0.536	0.445	0.018
0.001	0.001	0.001	0.997
0.001	0.001	0.997	0.001
0.001	0.740	0.001	0.258
0.597	0.001	0.401	0.001
>ACGTTCCC	25-ACGTTCCC	10.862298	-6.179968	0	T:213.0(0.51%),B:168.0(0.42%),P:1e-2	Tpos:109.7,Tstd:54.3,Bpos:130.7,Bstd:43.8,StrandBias:0.4,Multiplicity:1.00
0.997	0.001	0.001	0.001
0.001	0.997	0.001	0.001
0.001	0.001	0.997	0.001
0.001	0.001	0.001	0.997
0.001	0.001	0.001	0.997
0.001	0.997	0.001	0.001
0.001	0.997	0.001	0.001
0.185	0.813	0.001	0.001
