>WCCGKAAT	1-WCCGKAAT	3.056679	-1524.666641	0	T:26262.0(62.43%),B:19845.0(49.05%),P:1e-662	Tpos:100.4,Tstd:55.8,Bpos:99.3,Bstd:71.4,StrandBias:-0.0,Multiplicity:1.73
0.375	0.046	0.162	0.417
0.245	0.415	0.208	0.132
0.001	0.997	0.001	0.001
0.001	0.001	0.997	0.001
0.156	0.020	0.408	0.416
0.706	0.001	0.001	0.292
0.635	0.001	0.001	0.363
0.274	0.030	0.253	0.444
>CGNYWWWW	2-CGNYWWWW	3.437966	-1487.563085	0	T:27354.0(65.02%),B:20991.2(51.88%),P:1e-646	Tpos:99.6,Tstd:56.1,Bpos:98.6,Bstd:71.6,StrandBias:0.0,Multiplicity:1.64
0.001	0.997	0.001	0.001
0.001	0.001	0.997	0.001
0.257	0.288	0.211	0.243
0.185	0.353	0.188	0.275
0.374	0.176	0.199	0.250
0.384	0.154	0.104	0.358
0.413	0.111	0.041	0.435
0.399	0.134	0.116	0.351
>MCGHMAVA	3-MCGHMAVA	3.303162	-1346.519362	0	T:35758.0(85.00%),B:30186.9(74.60%),P:1e-584	Tpos:100.3,Tstd:56.8,Bpos:100.3,Bstd:70.5,StrandBias:0.0,Multiplicity:1.65
0.410	0.306	0.189	0.095
0.001	0.997	0.001	0.001
0.001	0.001	0.997	0.001
0.342	0.302	0.055	0.301
0.425	0.303	0.271	0.001
0.558	0.386	0.044	0.012
0.417	0.307	0.275	0.001
0.798	0.095	0.105	0.002
>ACHSTHCG	4-ACHSTHCG	2.910443	-1136.530753	0	T:36914.0(87.75%),B:31906.0(78.85%),P:1e-493	Tpos:100.1,Tstd:57.0,Bpos:101.6,Bstd:69.9,StrandBias:0.0,Multiplicity:1.58
0.551	0.045	0.209	0.195
0.161	0.493	0.186	0.160
0.352	0.286	0.069	0.293
0.135	0.370	0.287	0.207
0.206	0.067	0.258	0.468
0.342	0.208	0.144	0.305
0.043	0.820	0.131	0.006
0.081	0.089	0.784	0.046
>DTDRCGWV	5-DTDRCGWV	3.216451	-1072.045680	0	T:34404.0(81.78%),B:29174.1(72.10%),P:1e-465	Tpos:99.9,Tstd:56.3,Bpos:100.7,Bstd:71.0,StrandBias:-0.0,Multiplicity:1.59
0.357	0.052	0.343	0.248
0.239	0.125	0.184	0.452
0.317	0.060	0.264	0.358
0.394	0.033	0.416	0.156
0.001	0.926	0.001	0.072
0.044	0.001	0.954	0.001
0.457	0.059	0.087	0.397
0.340	0.275	0.295	0.090
>CGGATACM	6-CGGATACM	1.768124	-1002.465633	0	T:23527.0(55.92%),B:18229.6(45.05%),P:1e-435	Tpos:99.4,Tstd:58.1,Bpos:103.8,Bstd:71.7,StrandBias:-0.1,Multiplicity:1.05
0.001	0.997	0.001	0.001
0.001	0.001	0.997	0.001
0.129	0.146	0.662	0.063
0.705	0.001	0.001	0.293
0.328	0.001	0.001	0.670
0.669	0.315	0.001	0.015
0.075	0.674	0.001	0.250
0.430	0.408	0.001	0.161
>AATKGCGG	7-AATKGCGG	3.913007	-812.850513	0	T:30966.0(73.61%),B:26074.9(64.44%),P:1e-353	Tpos:100.1,Tstd:56.4,Bpos:100.5,Bstd:68.0,StrandBias:0.0,Multiplicity:1.51
0.588	0.140	0.206	0.066
0.498	0.028	0.266	0.208
0.074	0.072	0.074	0.780
0.122	0.073	0.439	0.365
0.029	0.071	0.710	0.190
0.047	0.888	0.037	0.028
0.001	0.086	0.857	0.056
0.102	0.047	0.794	0.057
>NCAATCGN	8-NCAATCGN	3.145397	-770.360534	0	T:26096.0(62.03%),B:21268.0(52.56%),P:1e-334	Tpos:100.5,Tstd:56.4,Bpos:100.1,Bstd:69.8,StrandBias:-0.0,Multiplicity:1.35
0.247	0.245	0.264	0.243
0.134	0.463	0.213	0.191
0.661	0.082	0.069	0.188
0.492	0.178	0.141	0.188
0.159	0.181	0.196	0.465
0.087	0.773	0.119	0.021
0.069	0.183	0.661	0.087
0.243	0.261	0.241	0.255
>TAACGCGA	9-TAACGCGA	3.954090	-502.812913	0	T:15012.0(35.68%),B:11562.9(28.58%),P:1e-218	Tpos:99.6,Tstd:56.2,Bpos:97.7,Bstd:70.0,StrandBias:-0.0,Multiplicity:1.17
0.104	0.154	0.023	0.719
0.685	0.140	0.127	0.048
0.676	0.066	0.091	0.167
0.089	0.734	0.068	0.109
0.008	0.038	0.934	0.020
0.108	0.690	0.131	0.071
0.118	0.104	0.777	0.001
0.782	0.084	0.007	0.127
>GGGGGGGG	10-GGGGGGGG	1.881848	-168.584448	0	T:23255.0(55.28%),B:20578.9(50.86%),P:1e-73	Tpos:99.9,Tstd:55.9,Bpos:96.4,Bstd:65.1,StrandBias:0.0,Multiplicity:1.69
0.098	0.001	0.900	0.001
0.001	0.001	0.997	0.001
0.001	0.001	0.997	0.001
0.001	0.001	0.997	0.001
0.001	0.001	0.997	0.001
0.001	0.001	0.997	0.001
0.001	0.001	0.997	0.001
0.113	0.001	0.885	0.001
>GGAAGTGA	11-GGAAGTGA	6.707989	-161.688125	0	T:2024.0(4.81%),B:1286.3(3.18%),P:1e-70	Tpos:99.2,Tstd:57.2,Bpos:101.3,Bstd:64.4,StrandBias:0.2,Multiplicity:1.04
0.001	0.001	0.997	0.001
0.001	0.001	0.997	0.001
0.997	0.001	0.001	0.001
0.931	0.067	0.001	0.001
0.149	0.001	0.849	0.001
0.001	0.001	0.001	0.997
0.001	0.001	0.775	0.223
0.997	0.001	0.001	0.001
>STWGATCG	12-STWGATCG	6.146988	-139.526947	0	T:3170.0(7.54%),B:2264.4(5.60%),P:1e-60	Tpos:97.7,Tstd:57.3,Bpos:97.7,Bstd:69.8,StrandBias:0.0,Multiplicity:1.02
0.001	0.493	0.505	0.001
0.212	0.219	0.001	0.568
0.572	0.001	0.003	0.424
0.014	0.162	0.819	0.005
0.515	0.213	0.212	0.060
0.317	0.002	0.001	0.680
0.058	0.940	0.001	0.001
0.001	0.049	0.949	0.001
>CGTTGCTA	13-CGTTGCTA	5.868327	-128.700577	0	T:4027.0(9.57%),B:3020.4(7.46%),P:1e-55	Tpos:99.5,Tstd:56.8,Bpos:102.6,Bstd:71.1,StrandBias:-0.0,Multiplicity:1.02
0.126	0.662	0.142	0.070
0.001	0.081	0.917	0.001
0.001	0.283	0.118	0.598
0.207	0.042	0.053	0.698
0.028	0.322	0.586	0.064
0.001	0.887	0.111	0.001
0.232	0.208	0.001	0.559
0.676	0.001	0.061	0.262
>TTTCACTT	14-TTTCACTT	7.616335	-108.871017	0	T:1047.0(2.49%),B:623.5(1.54%),P:1e-47	Tpos:102.4,Tstd:55.3,Bpos:100.9,Bstd:68.3,StrandBias:-0.0,Multiplicity:1.04
0.001	0.001	0.001	0.997
0.001	0.001	0.001	0.997
0.001	0.001	0.001	0.997
0.001	0.997	0.001	0.001
0.997	0.001	0.001	0.001
0.001	0.644	0.354	0.001
0.001	0.001	0.049	0.949
0.001	0.001	0.001	0.997
>CSWATCAA	15-CSWATCAA	7.069814	-106.384728	0	T:1742.0(4.14%),B:1171.9(2.90%),P:1e-46	Tpos:98.3,Tstd:56.7,Bpos:92.2,Bstd:64.2,StrandBias:0.2,Multiplicity:1.04
0.001	0.997	0.001	0.001
0.001	0.442	0.556	0.001
0.420	0.075	0.168	0.337
0.711	0.001	0.191	0.097
0.001	0.113	0.001	0.885
0.001	0.997	0.001	0.001
0.997	0.001	0.001	0.001
0.685	0.159	0.155	0.001
>AACCCGTA	16-AACCCGTA	5.591350	-88.396068	0	T:1205.0(2.86%),B:780.6(1.93%),P:1e-38	Tpos:102.2,Tstd:57.4,Bpos:97.0,Bstd:71.7,StrandBias:-0.1,Multiplicity:1.01
0.732	0.001	0.001	0.266
0.715	0.001	0.001	0.283
0.001	0.971	0.027	0.001
0.001	0.910	0.001	0.088
0.001	0.997	0.001	0.001
0.001	0.001	0.997	0.001
0.001	0.001	0.001	0.997
0.677	0.001	0.001	0.321
>CCGTAACC	17-CCGTAACC	8.345396	-78.153407	0	T:1538.0(3.66%),B:1070.3(2.65%),P:1e-33	Tpos:99.4,Tstd:55.1,Bpos:103.7,Bstd:62.6,StrandBias:0.1,Multiplicity:1.00
0.001	0.997	0.001	0.001
0.183	0.815	0.001	0.001
0.001	0.197	0.636	0.166
0.001	0.001	0.174	0.824
0.997	0.001	0.001	0.001
0.721	0.001	0.277	0.001
0.001	0.997	0.001	0.001
0.001	0.997	0.001	0.001
>RGCTTMCG	18-RGCTTMCG	7.937621	-55.764348	0	T:1434.0(3.41%),B:1043.2(2.58%),P:1e-24	Tpos:97.9,Tstd:58.1,Bpos:111.5,Bstd:72.2,StrandBias:-0.5,Multiplicity:1.01
0.356	0.045	0.441	0.157
0.001	0.001	0.997	0.001
0.001	0.623	0.375	0.001
0.001	0.001	0.022	0.976
0.027	0.001	0.001	0.971
0.430	0.425	0.144	0.001
0.001	0.997	0.001	0.001
0.001	0.001	0.614	0.384
>CVAACAAC	19-CVAACAAC	5.843370	-41.314673	0	T:2405.0(5.72%),B:1934.7(4.78%),P:1e-17	Tpos:99.6,Tstd:56.7,Bpos:101.4,Bstd:58.5,StrandBias:-0.1,Multiplicity:1.01
0.001	0.997	0.001	0.001
0.310	0.233	0.372	0.084
0.681	0.047	0.271	0.001
0.997	0.001	0.001	0.001
0.001	0.997	0.001	0.001
0.945	0.053	0.001	0.001
0.997	0.001	0.001	0.001
0.001	0.997	0.001	0.001
>CGGAGTAC	20-CGGAGTAC	8.808053	-25.257826	0	T:92.0(0.22%),B:40.5(0.10%),P:1e-10	Tpos:103.2,Tstd:50.9,Bpos:87.7,Bstd:50.2,StrandBias:0.4,Multiplicity:1.00
0.001	0.997	0.001	0.001
0.001	0.001	0.997	0.001
0.001	0.001	0.997	0.001
0.558	0.283	0.001	0.158
0.001	0.156	0.570	0.273
0.156	0.001	0.176	0.667
0.873	0.125	0.001	0.001
0.344	0.556	0.099	0.001
>ACGAAGTS	21-ACGAAGTS	6.607704	-16.918944	0	T:1091.0(2.59%),B:890.4(2.20%),P:1e-7	Tpos:97.6,Tstd:56.2,Bpos:93.8,Bstd:64.3,StrandBias:0.7,Multiplicity:1.00
0.943	0.001	0.055	0.001
0.001	0.997	0.001	0.001
0.001	0.001	0.997	0.001
0.997	0.001	0.001	0.001
0.724	0.274	0.001	0.001
0.157	0.001	0.537	0.305
0.001	0.001	0.001	0.997
0.001	0.463	0.535	0.001
>GCGCAACC	22-GCGCAACC	8.613743	-13.318461	0	T:769.0(1.83%),B:623.7(1.54%),P:1e-5	Tpos:107.1,Tstd:50.1,Bpos:5.0,Bstd:0.0,StrandBias:-0.3,Multiplicity:1.00
0.001	0.001	0.997	0.001
0.001	0.997	0.001	0.001
0.001	0.001	0.997	0.001
0.293	0.528	0.001	0.178
0.706	0.001	0.001	0.292
0.997	0.001	0.001	0.001
0.001	0.997	0.001	0.001
0.001	0.997	0.001	0.001
>GAGTCGTT	23-GAGTCGTT	6.646474	-12.770472	0	T:184.0(0.44%),B:124.1(0.31%),P:1e-5	Tpos:107.9,Tstd:42.9,Bpos:79.1,Bstd:36.2,StrandBias:-1.0,Multiplicity:1.00
0.001	0.012	0.986	0.001
0.997	0.001	0.001	0.001
0.001	0.001	0.997	0.001
0.001	0.001	0.001	0.997
0.001	0.997	0.001	0.001
0.001	0.001	0.997	0.001
0.001	0.001	0.001	0.997
0.001	0.001	0.001	0.997
>CGASTGCA	24-CGASTGCA	8.183121	-10.045468	0	T:1296.0(3.08%),B:1117.5(2.76%),P:1e-4	Tpos:83.7,Tstd:71.1,Bpos:75.5,Bstd:53.8,StrandBias:0.4,Multiplicity:1.00
0.001	0.997	0.001	0.001
0.001	0.001	0.997	0.001
0.997	0.001	0.001	0.001
0.001	0.536	0.445	0.018
0.001	0.001	0.001	0.997
0.001	0.001	0.997	0.001
0.001	0.740	0.001	0.258
0.597	0.001	0.401	0.001
>ACGTTCCC	25-ACGTTCCC	10.862298	-6.179968	0	T:213.0(0.51%),B:168.0(0.42%),P:1e-2	Tpos:109.7,Tstd:54.3,Bpos:130.7,Bstd:43.8,StrandBias:0.4,Multiplicity:1.00
0.997	0.001	0.001	0.001
0.001	0.997	0.001	0.001
0.001	0.001	0.997	0.001
0.001	0.001	0.001	0.997
0.001	0.001	0.001	0.997
0.001	0.997	0.001	0.001
0.001	0.997	0.001	0.001
0.185	0.813	0.001	0.001
