>BTTCCGBTTT	1-BTTCCGBTTT	4.843315	-789.946769	0	T:18535.0(44.06%),B:14041.0(34.70%),P:1e-343	Tpos:100.4,Tstd:55.3,Bpos:100.1,Bstd:70.2,StrandBias:0.0,Multiplicity:1.43
0.051	0.372	0.241	0.337
0.001	0.040	0.094	0.865
0.001	0.016	0.105	0.878
0.009	0.592	0.053	0.346
0.001	0.926	0.072	0.001
0.057	0.121	0.767	0.055
0.052	0.288	0.391	0.268
0.070	0.128	0.168	0.634
0.049	0.148	0.093	0.710
0.130	0.202	0.150	0.518
>NAAATGGCGN	2-NAAATGGCGN	3.753032	-719.607467	0	T:22011.0(52.32%),B:17454.2(43.14%),P:1e-312	Tpos:100.3,Tstd:55.5,Bpos:98.5,Bstd:68.6,StrandBias:0.0,Multiplicity:1.40
0.272	0.242	0.249	0.237
0.565	0.139	0.145	0.151
0.604	0.126	0.143	0.127
0.536	0.149	0.155	0.160
0.162	0.169	0.155	0.514
0.145	0.170	0.530	0.155
0.146	0.167	0.542	0.145
0.130	0.582	0.155	0.133
0.133	0.151	0.573	0.143
0.235	0.259	0.281	0.225
>TASTTCCGCC	3-TASTTCCGCC	-6.881355	-465.136681	0	T:16288.0(38.72%),B:12830.6(31.71%),P:1e-202	Tpos:100.4,Tstd:55.4,Bpos:99.3,Bstd:67.1,StrandBias:-0.1,Multiplicity:1.20
0.001	0.001	0.001	0.997
0.997	0.001	0.001	0.001
0.001	0.440	0.558	0.001
0.001	0.001	0.001	0.997
0.001	0.001	0.001	0.997
0.001	0.997	0.001	0.001
0.001	0.997	0.001	0.001
0.001	0.001	0.997	0.001
0.001	0.997	0.001	0.001
0.001	0.997	0.001	0.001
>CGACGCAATA	4-CGACGCAATA	4.060489	-419.025880	0	T:15924.0(37.85%),B:12637.7(31.23%),P:1e-181	Tpos:100.6,Tstd:55.3,Bpos:100.1,Bstd:68.1,StrandBias:-0.0,Multiplicity:1.19
0.143	0.655	0.112	0.090
0.042	0.116	0.769	0.073
0.734	0.116	0.148	0.002
0.120	0.683	0.094	0.103
0.055	0.094	0.755	0.096
0.058	0.739	0.108	0.095
0.637	0.107	0.094	0.162
0.648	0.138	0.139	0.075
0.080	0.127	0.145	0.648
0.717	0.088	0.109	0.086
>TTTTTTCGCG	5-TTTTTTCGCG	4.417492	-376.448748	0	T:15772.0(37.49%),B:12634.1(31.22%),P:1e-163	Tpos:100.6,Tstd:55.9,Bpos:99.7,Bstd:72.1,StrandBias:-0.0,Multiplicity:1.19
0.117	0.152	0.150	0.581
0.036	0.178	0.151	0.635
0.083	0.173	0.134	0.610
0.057	0.159	0.138	0.646
0.086	0.178	0.175	0.561
0.139	0.155	0.168	0.538
0.125	0.563	0.159	0.153
0.119	0.155	0.599	0.127
0.088	0.625	0.165	0.122
0.093	0.149	0.641	0.117
>CAAAAAAAAA	6-CAAAAAAAAA	-15.258611	-260.561798	0	T:36125.0(85.87%),B:33073.9(81.74%),P:1e-113	Tpos:100.6,Tstd:57.3,Bpos:100.4,Bstd:68.4,StrandBias:0.0,Multiplicity:1.88
0.271	0.727	0.001	0.001
0.644	0.001	0.001	0.354
0.997	0.001	0.001	0.001
0.997	0.001	0.001	0.001
0.997	0.001	0.001	0.001
0.997	0.001	0.001	0.001
0.644	0.001	0.354	0.001
0.997	0.001	0.001	0.001
0.997	0.001	0.001	0.001
0.997	0.001	0.001	0.001
>AACCAATCGG	7-AACCAATCGG	5.036098	-251.844228	0	T:5313.0(12.63%),B:3771.3(9.32%),P:1e-109	Tpos:100.1,Tstd:55.8,Bpos:95.7,Bstd:68.0,StrandBias:0.0,Multiplicity:1.10
0.428	0.247	0.186	0.138
0.565	0.149	0.190	0.096
0.168	0.612	0.173	0.047
0.127	0.673	0.165	0.035
0.682	0.101	0.130	0.087
0.580	0.226	0.111	0.083
0.108	0.169	0.159	0.564
0.164	0.672	0.083	0.081
0.239	0.154	0.536	0.071
0.233	0.233	0.406	0.128
>TACCGTACGG	8-TACCGTACGG	2.512553	-236.201669	0	T:40530.0(96.34%),B:38042.9(94.02%),P:1e-102	Tpos:99.9,Tstd:55.7,Bpos:101.0,Bstd:67.4,StrandBias:0.0,Multiplicity:2.63
0.100	0.100	0.100	0.700
0.700	0.100	0.100	0.100
0.100	0.700	0.100	0.100
0.100	0.700	0.100	0.100
0.100	0.100	0.700	0.100
0.100	0.100	0.100	0.700
0.700	0.100	0.100	0.100
0.100	0.700	0.100	0.100
0.100	0.100	0.700	0.100
0.100	0.100	0.700	0.100
>GATATAACRC	9-GATATAACRC	-6.266042	-216.489024	0	T:32174.0(76.48%),B:29151.9(72.05%),P:1e-94	Tpos:99.5,Tstd:56.5,Bpos:100.3,Bstd:68.1,StrandBias:-0.0,Multiplicity:1.99
0.001	0.001	0.887	0.111
0.574	0.001	0.002	0.423
0.001	0.019	0.001	0.979
0.822	0.001	0.001	0.176
0.387	0.001	0.002	0.610
0.979	0.001	0.019	0.001
0.979	0.001	0.001	0.019
0.057	0.830	0.112	0.001
0.488	0.002	0.508	0.002
0.001	0.979	0.019	0.001
>GCGTTTTTTT	10-GCGTTTTTTT	5.144648	-185.915248	0	T:6285.0(14.94%),B:4786.2(11.83%),P:1e-80	Tpos:99.6,Tstd:55.6,Bpos:102.1,Bstd:72.0,StrandBias:-0.1,Multiplicity:1.10
0.102	0.099	0.702	0.097
0.138	0.618	0.118	0.126
0.092	0.089	0.698	0.121
0.066	0.093	0.110	0.731
0.089	0.078	0.113	0.720
0.062	0.105	0.109	0.724
0.081	0.108	0.106	0.705
0.084	0.101	0.091	0.724
0.084	0.104	0.116	0.696
0.092	0.102	0.121	0.685
>ATCTCGCGAT	11-ATCTCGCGAT	4.965054	-163.708613	0	T:8812.0(20.95%),B:7101.8(17.55%),P:1e-71	Tpos:99.7,Tstd:55.5,Bpos:100.7,Bstd:68.7,StrandBias:-0.0,Multiplicity:1.11
0.633	0.134	0.144	0.089
0.101	0.129	0.127	0.643
0.046	0.794	0.094	0.066
0.074	0.096	0.029	0.801
0.087	0.724	0.100	0.089
0.106	0.118	0.675	0.101
0.048	0.745	0.116	0.091
0.116	0.123	0.687	0.074
0.630	0.108	0.144	0.118
0.087	0.107	0.137	0.669
>KGCGCATGCG	12-KGCGCATGCG	6.812006	-149.531361	0	T:1577.0(3.75%),B:961.2(2.38%),P:1e-64	Tpos:98.4,Tstd:55.6,Bpos:84.5,Bstd:60.9,StrandBias:0.0,Multiplicity:1.09
0.081	0.252	0.264	0.402
0.267	0.110	0.524	0.099
0.084	0.750	0.091	0.075
0.192	0.043	0.704	0.061
0.134	0.630	0.154	0.082
0.652	0.066	0.071	0.211
0.303	0.043	0.080	0.574
0.059	0.093	0.665	0.183
0.135	0.637	0.099	0.129
0.075	0.086	0.704	0.135
>YYYCCCCCCH	13-YYYCCCCCCH	7.375696	-120.402509	0	T:6891.0(16.38%),B:5563.4(13.75%),P:1e-52	Tpos:99.1,Tstd:56.1,Bpos:97.9,Bstd:61.3,StrandBias:-0.0,Multiplicity:1.13
0.203	0.359	0.079	0.359
0.001	0.523	0.001	0.475
0.123	0.510	0.001	0.366
0.001	0.731	0.001	0.267
0.001	0.997	0.001	0.001
0.001	0.997	0.001	0.001
0.001	0.997	0.001	0.001
0.001	0.643	0.001	0.355
0.249	0.460	0.046	0.245
0.381	0.293	0.041	0.284
>CGTGACAGGA	14-CGTGACAGGA	4.458463	-106.855579	0	T:30986.0(73.66%),B:28523.8(70.49%),P:1e-46	Tpos:99.9,Tstd:55.6,Bpos:99.6,Bstd:63.4,StrandBias:0.0,Multiplicity:1.61
0.100	0.700	0.100	0.100
0.100	0.100	0.700	0.100
0.100	0.100	0.100	0.700
0.100	0.100	0.700	0.100
0.700	0.100	0.100	0.100
0.100	0.700	0.100	0.100
0.700	0.100	0.100	0.100
0.100	0.100	0.700	0.100
0.100	0.100	0.700	0.100
0.700	0.100	0.100	0.100
>TAACTAGCCG	15-TAACTAGCCG	6.732313	-67.670840	0	T:1187.0(2.82%),B:809.2(2.00%),P:1e-29	Tpos:100.7,Tstd:57.6,Bpos:107.8,Bstd:68.4,StrandBias:0.0,Multiplicity:1.00
0.063	0.039	0.115	0.783
0.699	0.141	0.134	0.026
0.725	0.066	0.150	0.059
0.020	0.845	0.098	0.037
0.020	0.124	0.101	0.755
0.856	0.077	0.017	0.050
0.020	0.087	0.873	0.020
0.036	0.842	0.098	0.024
0.030	0.913	0.002	0.055
0.075	0.127	0.715	0.083
>NGTAATCCGN	16-NGTAATCCGN	4.578406	-58.256102	0	T:2160.0(5.13%),B:1652.2(4.08%),P:1e-25	Tpos:99.0,Tstd:58.2,Bpos:96.8,Bstd:69.4,StrandBias:-0.1,Multiplicity:1.01
0.325	0.235	0.245	0.195
0.123	0.172	0.578	0.127
0.195	0.154	0.189	0.462
0.574	0.148	0.154	0.124
0.530	0.169	0.181	0.120
0.126	0.153	0.175	0.546
0.082	0.607	0.151	0.160
0.140	0.553	0.144	0.163
0.133	0.158	0.553	0.156
0.274	0.263	0.258	0.205
>CGAGGTTCTA	17-CGAGGTTCTA	11.281611	-52.852655	0	T:45.0(0.11%),B:6.0(0.01%),P:1e-22	Tpos:99.0,Tstd:57.6,Bpos:96.5,Bstd:54.3,StrandBias:0.4,Multiplicity:1.00
0.001	0.997	0.001	0.001
0.132	0.001	0.822	0.045
0.954	0.001	0.044	0.001
0.044	0.001	0.954	0.001
0.001	0.001	0.954	0.044
0.044	0.001	0.001	0.954
0.001	0.401	0.001	0.597
0.121	0.833	0.045	0.001
0.001	0.304	0.001	0.694
0.631	0.001	0.323	0.045
>RTRACGTTAT	18-RTRACGTTAT	9.748235	-51.884373	0	T:122.0(0.29%),B:41.4(0.10%),P:1e-22	Tpos:104.2,Tstd:60.1,Bpos:83.6,Bstd:50.9,StrandBias:-0.1,Multiplicity:1.00
0.363	0.119	0.396	0.122
0.001	0.265	0.001	0.733
0.403	0.001	0.449	0.147
0.997	0.001	0.001	0.001
0.001	0.997	0.001	0.001
0.237	0.001	0.761	0.001
0.001	0.001	0.001	0.997
0.001	0.367	0.001	0.631
0.880	0.001	0.001	0.118
0.001	0.001	0.001	0.997
>TAGGCGACYA	19-TAGGCGACYA	6.706954	-44.480656	0	T:337.0(0.80%),B:189.6(0.47%),P:1e-19	Tpos:98.7,Tstd:60.2,Bpos:96.1,Bstd:67.0,StrandBias:0.1,Multiplicity:1.00
0.206	0.139	0.251	0.404
0.420	0.241	0.192	0.147
0.145	0.016	0.767	0.072
0.071	0.093	0.813	0.023
0.173	0.533	0.186	0.108
0.227	0.067	0.639	0.067
0.657	0.074	0.183	0.086
0.119	0.630	0.181	0.070
0.054	0.317	0.164	0.465
0.479	0.165	0.187	0.169
>AACDACAACT	20-AACDACAACT	7.663114	-39.149543	0	T:234.0(0.56%),B:123.0(0.30%),P:1e-17	Tpos:98.4,Tstd:57.6,Bpos:73.8,Bstd:54.2,StrandBias:-0.0,Multiplicity:1.00
0.703	0.144	0.103	0.050
0.593	0.124	0.158	0.125
0.130	0.621	0.179	0.070
0.215	0.152	0.354	0.278
0.633	0.087	0.085	0.195
0.036	0.673	0.272	0.019
0.665	0.155	0.118	0.062
0.720	0.040	0.131	0.109
0.103	0.827	0.049	0.021
0.047	0.274	0.038	0.641
>TCAGGAGGCG	21-TCAGGAGGCG	12.092933	-28.087422	0	T:105.0(0.25%),B:46.4(0.11%),P:1e-12	Tpos:100.0,Tstd:57.2,Bpos:75.5,Bstd:42.3,StrandBias:0.8,Multiplicity:1.13
0.001	0.001	0.001	0.997
0.001	0.997	0.001	0.001
0.997	0.001	0.001	0.001
0.001	0.001	0.997	0.001
0.001	0.001	0.997	0.001
0.823	0.001	0.001	0.175
0.001	0.001	0.997	0.001
0.001	0.001	0.997	0.001
0.001	0.997	0.001	0.001
0.001	0.001	0.997	0.001
>ACTAACGCGA	22-ACTAACGCGA	9.614507	-27.977986	0	T:77.0(0.18%),B:29.7(0.07%),P:1e-12	Tpos:115.4,Tstd:54.7,Bpos:71.5,Bstd:20.5,StrandBias:-0.2,Multiplicity:1.00
0.965	0.001	0.033	0.001
0.001	0.997	0.001	0.001
0.034	0.034	0.001	0.931
0.805	0.001	0.193	0.001
0.965	0.001	0.033	0.001
0.001	0.965	0.033	0.001
0.034	0.001	0.864	0.101
0.033	0.965	0.001	0.001
0.001	0.100	0.898	0.001
0.831	0.034	0.101	0.034
>TATTGCTCGC	23-TATTGCTCGC	8.350283	-22.956187	0	T:135.0(0.32%),B:71.4(0.18%),P:1e-9	Tpos:77.1,Tstd:50.8,Bpos:93.1,Bstd:34.0,StrandBias:-0.8,Multiplicity:1.00
0.100	0.100	0.100	0.700
0.700	0.100	0.100	0.100
0.100	0.100	0.100	0.700
0.100	0.100	0.100	0.700
0.100	0.100	0.700	0.100
0.100	0.700	0.100	0.100
0.100	0.100	0.100	0.700
0.100	0.700	0.100	0.100
0.100	0.100	0.700	0.100
0.100	0.700	0.100	0.100
>CGVAGAGTCT	24-CGVAGAGTCT	11.032869	-16.706064	0	T:82.0(0.19%),B:41.9(0.10%),P:1e-7	Tpos:104.9,Tstd:51.0,Bpos:49.7,Bstd:44.0,StrandBias:0.7,Multiplicity:1.00
0.001	0.997	0.001	0.001
0.001	0.001	0.997	0.001
0.292	0.346	0.360	0.001
0.997	0.001	0.001	0.001
0.001	0.296	0.496	0.207
0.997	0.001	0.001	0.001
0.001	0.001	0.997	0.001
0.001	0.001	0.001	0.997
0.001	0.997	0.001	0.001
0.001	0.001	0.001	0.997
>CGTGTAATCG	25-CGTGTAATCG	8.398858	-14.877292	0	T:130.0(0.31%),B:78.4(0.19%),P:1e-6	Tpos:99.3,Tstd:59.8,Bpos:130.2,Bstd:30.6,StrandBias:-0.2,Multiplicity:1.00
0.096	0.599	0.060	0.245
0.037	0.104	0.816	0.043
0.012	0.031	0.055	0.902
0.019	0.019	0.956	0.006
0.025	0.104	0.153	0.718
0.805	0.086	0.097	0.012
0.814	0.031	0.025	0.130
0.019	0.049	0.019	0.913
0.019	0.655	0.177	0.149
0.024	0.001	0.938	0.037
