>TAGTGTGGTAGA	17-TCTACCACACTA	10.205690	-44.170476	0	T:37.0(0.09%),B:5.2(0.01%),P:1e-19
0.070	0.058	0.082	0.790
0.790	0.070	0.037	0.103
0.053	0.071	0.841	0.035
0.091	0.099	0.029	0.781
0.023	0.070	0.830	0.077
0.030	0.057	0.093	0.820
0.047	0.012	0.900	0.041
0.036	0.023	0.883	0.058
0.077	0.065	0.100	0.758
0.859	0.018	0.059	0.064
0.068	0.023	0.880	0.029
0.883	0.029	0.064	0.024
