>GTTTAGCAACTG	12-GTTTAGCAACTG,BestGuess:MYB/MA0100.3/Jaspar(0.695)	10.588889	-63.628721	0	T:38.0(0.09%),B:4.0(0.01%),P:1e-27
0.048	0.061	0.829	0.062
0.054	0.007	0.047	0.892
0.027	0.048	0.061	0.864
0.092	0.048	0.054	0.806
0.776	0.042	0.062	0.120
0.048	0.027	0.883	0.042
0.067	0.822	0.054	0.057
0.837	0.048	0.054	0.061
0.825	0.020	0.127	0.028
0.057	0.777	0.105	0.061
0.048	0.054	0.034	0.864
0.041	0.062	0.842	0.055
