>TCTACCACACTA	17-TCTACCACACTA,BestGuess:ZNF75D/MA1601.1/Jaspar(0.667)	10.205690	-44.170476	0	T:37.0(0.09%),B:5.2(0.01%),P:1e-19
0.024	0.064	0.029	0.883
0.029	0.880	0.023	0.068
0.064	0.059	0.018	0.859
0.758	0.100	0.065	0.077
0.058	0.883	0.023	0.036
0.041	0.900	0.012	0.047
0.820	0.093	0.057	0.030
0.077	0.830	0.070	0.023
0.781	0.029	0.099	0.091
0.035	0.841	0.071	0.053
0.103	0.037	0.070	0.790
0.790	0.082	0.058	0.070
