>AGCAATAGTAAA	24-AGCAATAGTAAA,BestGuess:Stat2/MA1623.1/Jaspar(0.641)	11.223991	-19.602122	0	T:34.0(0.08%),B:10.0(0.02%),P:1e-8
0.908	0.023	0.046	0.023
0.054	0.071	0.867	0.008
0.262	0.644	0.055	0.039
0.915	0.039	0.015	0.031
0.934	0.017	0.040	0.009
0.082	0.054	0.039	0.825
0.874	0.023	0.040	0.063
0.046	0.040	0.860	0.054
0.257	0.055	0.077	0.611
0.822	0.023	0.077	0.078
0.849	0.097	0.039	0.015
0.910	0.066	0.015	0.009
