>CACTTGTGAGTT	23-CACTTGTGAGTT	9.370875	-25.042488	0	T:24.0(0.06%),B:4.4(0.01%),P:1e-10
0.088	0.752	0.091	0.069
0.753	0.076	0.075	0.096
0.066	0.747	0.091	0.096
0.063	0.082	0.086	0.769
0.069	0.067	0.107	0.757
0.059	0.110	0.718	0.113
0.087	0.084	0.100	0.729
0.083	0.083	0.770	0.064
0.735	0.065	0.094	0.106
0.078	0.084	0.746	0.092
0.066	0.082	0.080	0.772
0.062	0.097	0.087	0.754
