>CTTAAAAGTTAC	20-CTTAAAAGTTAC,BestGuess:MYNN(Zf)/HEK293-MYNN.eGFP-ChIP-Seq(Encode)/Homer(0.667)	10.554276	-36.547473	0	T:30.0(0.07%),B:4.5(0.01%),P:1e-15
0.082	0.794	0.055	0.069
0.021	0.048	0.027	0.904
0.083	0.062	0.048	0.807
0.835	0.048	0.062	0.055
0.843	0.048	0.068	0.041
0.911	0.021	0.034	0.034
0.883	0.027	0.034	0.056
0.117	0.048	0.793	0.042
0.083	0.069	0.048	0.800
0.109	0.076	0.021	0.794
0.814	0.076	0.021	0.089
0.057	0.839	0.063	0.041
