>TGAAAGCTCAAT	21-TGAAAGCTCAAT	11.119918	-30.978862	0	T:24.0(0.06%),B:3.5(0.01%),P:1e-13
0.060	0.039	0.039	0.862
0.046	0.053	0.841	0.060
0.879	0.038	0.060	0.023
0.885	0.038	0.054	0.023
0.887	0.060	0.023	0.030
0.046	0.052	0.819	0.083
0.046	0.869	0.031	0.054
0.096	0.105	0.031	0.768
0.103	0.755	0.046	0.096
0.862	0.062	0.023	0.053
0.834	0.038	0.045	0.083
0.096	0.083	0.061	0.760
