>CGTTAAACCTAA	19-TTAGGTTTAACG	10.429265	-37.266124	0	T:23.0(0.05%),B:3.0(0.01%),P:1e-16
0.091	0.743	0.064	0.102
0.091	0.051	0.759	0.099
0.026	0.066	0.053	0.855
0.078	0.051	0.038	0.833
0.832	0.051	0.013	0.104
0.885	0.038	0.026	0.051
0.807	0.104	0.038	0.051
0.104	0.807	0.051	0.038
0.038	0.895	0.014	0.053
0.064	0.051	0.051	0.834
0.898	0.038	0.038	0.026
0.883	0.053	0.013	0.051
