>TGGTTGCATTGC	13-TGGTTGCATTGC,BestGuess:Hoxa10(Homeobox)/ChickenMSG-Hoxa10.Flag-ChIP-Seq(GSE86088)/Homer(0.645)	10.230875	-63.628721	0	T:38.0(0.09%),B:4.0(0.01%),P:1e-27
0.081	0.035	0.037	0.847
0.035	0.047	0.836	0.082
0.095	0.046	0.750	0.109
0.023	0.014	0.049	0.914
0.081	0.104	0.001	0.814
0.046	0.014	0.849	0.091
0.107	0.858	0.023	0.012
0.765	0.093	0.095	0.047
0.070	0.081	0.058	0.791
0.035	0.012	0.023	0.930
0.070	0.035	0.883	0.012
0.047	0.777	0.095	0.081
