>CAGTTGCTAAAC	12-GTTTAGCAACTG	10.588889	-63.628721	0	T:38.0(0.09%),B:4.0(0.01%),P:1e-27
0.055	0.842	0.062	0.041
0.864	0.034	0.054	0.048
0.061	0.105	0.777	0.057
0.028	0.127	0.020	0.825
0.061	0.054	0.048	0.837
0.057	0.054	0.822	0.067
0.042	0.883	0.027	0.048
0.120	0.062	0.042	0.776
0.806	0.054	0.048	0.092
0.864	0.061	0.048	0.027
0.892	0.047	0.007	0.054
0.062	0.829	0.061	0.048
