>GCAATGCAACCA	13-TGGTTGCATTGC	10.230875	-63.628721	0	T:38.0(0.09%),B:4.0(0.01%),P:1e-27
0.081	0.095	0.777	0.047
0.012	0.883	0.035	0.070
0.930	0.023	0.012	0.035
0.791	0.058	0.081	0.070
0.047	0.095	0.093	0.765
0.012	0.023	0.858	0.107
0.091	0.849	0.014	0.046
0.814	0.001	0.104	0.081
0.914	0.049	0.014	0.023
0.109	0.750	0.046	0.095
0.082	0.836	0.047	0.035
0.847	0.037	0.035	0.081
