>CGCCGCCGCCAC	8-GTGGCGGCGGCG	9.198090	-74.139958	0	T:4231.0(10.06%),B:3482.3(8.40%),P:1e-32
0.078	0.803	0.064	0.055
0.058	0.084	0.795	0.063
0.038	0.857	0.047	0.058
0.091	0.778	0.066	0.065
0.049	0.026	0.845	0.080
0.028	0.876	0.055	0.041
0.067	0.794	0.042	0.097
0.079	0.042	0.837	0.042
0.017	0.881	0.052	0.050
0.024	0.900	0.035	0.041
0.795	0.056	0.087	0.062
0.043	0.842	0.052	0.063
