>GTAACTTTTAAG	20-CTTAAAAGTTAC	10.554276	-36.547473	0	T:30.0(0.07%),B:4.5(0.01%),P:1e-15
0.041	0.063	0.839	0.057
0.089	0.021	0.076	0.814
0.794	0.021	0.076	0.109
0.800	0.048	0.069	0.083
0.042	0.793	0.048	0.117
0.056	0.034	0.027	0.883
0.034	0.034	0.021	0.911
0.041	0.068	0.048	0.843
0.055	0.062	0.048	0.835
0.807	0.048	0.062	0.083
0.904	0.027	0.048	0.021
0.069	0.055	0.794	0.082
