>TTATACTCCAGA	16-TTATACTCCAGA,BestGuess:ZBTB26/MA1579.1/Jaspar(0.724)	10.017249	-45.987126	0	T:44.0(0.10%),B:7.9(0.02%),P:1e-19
0.047	0.018	0.028	0.907
0.028	0.064	0.064	0.844
0.806	0.047	0.046	0.101
0.064	0.074	0.066	0.796
0.833	0.056	0.047	0.064
0.028	0.779	0.073	0.120
0.037	0.082	0.029	0.852
0.064	0.797	0.047	0.092
0.046	0.889	0.028	0.037
0.888	0.018	0.057	0.037
0.082	0.057	0.806	0.055
0.826	0.054	0.073	0.047
