>YACTTCCTCTTT	2-YACTTCCTCTTT	6.665948	-170.853916	0	T:8769.0(20.84%),B:7204.4(17.38%),P:1e-74
0.113	0.423	0.063	0.401
0.482	0.200	0.163	0.155
0.013	0.679	0.114	0.194
0.007	0.011	0.001	0.981
0.003	0.037	0.017	0.943
0.006	0.773	0.010	0.211
0.010	0.961	0.004	0.025
0.018	0.222	0.066	0.694
0.024	0.613	0.144	0.219
0.056	0.195	0.016	0.733
0.016	0.069	0.025	0.890
0.007	0.254	0.033	0.706
