>TGACAGGAVGAG	18-TGACAGGAVGAG,BestGuess:MEIS3/MA0775.1/Jaspar(0.699)	4.396044	-42.208536	0	T:18382.0(43.69%),B:17225.4(41.56%),P:1e-18
0.037	0.040	0.051	0.872
0.161	0.184	0.485	0.171
0.729	0.173	0.063	0.035
0.049	0.881	0.051	0.019
0.592	0.164	0.211	0.033
0.040	0.182	0.588	0.190
0.245	0.030	0.548	0.177
0.547	0.030	0.231	0.192
0.312	0.313	0.268	0.107
0.040	0.029	0.724	0.207
0.713	0.196	0.036	0.055
0.040	0.032	0.741	0.187
