>CTCBTCCTGTCA	18-TGACAGGAVGAG	4.396044	-42.208536	0	T:18382.0(43.69%),B:17225.4(41.56%),P:1e-18
0.187	0.741	0.032	0.040
0.055	0.036	0.196	0.713
0.207	0.724	0.029	0.040
0.107	0.268	0.313	0.312
0.192	0.231	0.030	0.547
0.177	0.548	0.030	0.245
0.190	0.588	0.182	0.040
0.033	0.211	0.164	0.592
0.019	0.051	0.881	0.049
0.035	0.063	0.173	0.729
0.171	0.485	0.184	0.161
0.872	0.051	0.040	0.037
