>TCTGGAGTATAA	16-TTATACTCCAGA	10.017249	-45.987126	0	T:44.0(0.10%),B:7.9(0.02%),P:1e-19
0.047	0.073	0.054	0.826
0.055	0.806	0.057	0.082
0.037	0.057	0.018	0.888
0.037	0.028	0.889	0.046
0.092	0.047	0.797	0.064
0.852	0.029	0.082	0.037
0.120	0.073	0.779	0.028
0.064	0.047	0.056	0.833
0.796	0.066	0.074	0.064
0.101	0.046	0.047	0.806
0.844	0.064	0.064	0.028
0.907	0.028	0.018	0.047
