>TAAAGCTTTGGT	10-ACCAAAGCTTTA	11.365252	-65.138078	0	T:27.0(0.06%),B:1.3(0.00%),P:1e-28
0.040	0.046	0.052	0.862
0.822	0.058	0.068	0.052
0.904	0.032	0.032	0.032
0.879	0.039	0.056	0.026
0.032	0.071	0.851	0.046
0.146	0.756	0.058	0.040
0.045	0.076	0.027	0.852
0.064	0.052	0.039	0.845
0.006	0.059	0.065	0.870
0.065	0.027	0.868	0.040
0.032	0.039	0.733	0.196
0.086	0.083	0.058	0.773
