>AAACTACTAGAT	14-ATCTAGTAGTTT	10.170010	-53.785865	0	T:45.0(0.11%),B:6.1(0.01%),P:1e-23
0.856	0.013	0.026	0.105
0.959	0.001	0.026	0.014
0.896	0.039	0.013	0.052
0.081	0.746	0.107	0.066
0.092	0.086	0.027	0.795
0.742	0.092	0.079	0.087
0.079	0.906	0.001	0.014
0.026	0.001	0.078	0.895
0.791	0.117	0.039	0.053
0.039	0.057	0.890	0.014
0.732	0.080	0.092	0.096
0.071	0.040	0.089	0.800
