>CGCCATAT	1-CGCCATAT	5.587825	-225.541541	0	T:4912.0(11.68%),B:3585.8(8.65%),P:1e-97	Tpos:99.6,Tstd:55.9,Bpos:103.7,Bstd:53.9,StrandBias:-0.1,Multiplicity:1.08
0.064	0.853	0.065	0.018
0.184	0.023	0.769	0.024
0.106	0.710	0.086	0.098
0.057	0.818	0.057	0.068
0.850	0.057	0.032	0.061
0.067	0.001	0.061	0.871
0.522	0.029	0.149	0.300
0.191	0.102	0.097	0.610
>GGAAGTGA	2-GGAAGTGA	4.118708	-207.725826	0	T:19693.0(46.81%),B:17377.4(41.93%),P:1e-90	Tpos:99.8,Tstd:55.9,Bpos:98.6,Bstd:60.7,StrandBias:0.0,Multiplicity:1.43
0.020	0.009	0.970	0.001
0.087	0.020	0.860	0.033
0.997	0.001	0.001	0.001
0.997	0.001	0.001	0.001
0.105	0.024	0.870	0.001
0.028	0.020	0.034	0.918
0.099	0.035	0.839	0.027
0.801	0.044	0.131	0.024
>GCGGTAGT	3-GCGGTAGT	4.744101	-192.921118	0	T:15100.0(35.89%),B:13029.7(31.44%),P:1e-83	Tpos:100.0,Tstd:55.8,Bpos:101.7,Bstd:57.9,StrandBias:-0.0,Multiplicity:1.20
0.064	0.096	0.776	0.064
0.095	0.758	0.050	0.097
0.133	0.047	0.694	0.126
0.121	0.085	0.749	0.045
0.139	0.124	0.020	0.717
0.848	0.025	0.047	0.080
0.062	0.114	0.724	0.100
0.073	0.117	0.073	0.737
>GTTACGTC	4-GTTACGTC	4.251417	-180.632873	0	T:14774.0(35.12%),B:12778.2(30.83%),P:1e-78	Tpos:100.4,Tstd:56.0,Bpos:98.1,Bstd:58.7,StrandBias:0.0,Multiplicity:1.25
0.256	0.074	0.556	0.114
0.083	0.119	0.032	0.766
0.051	0.053	0.229	0.667
0.530	0.030	0.273	0.167
0.040	0.888	0.001	0.071
0.001	0.001	0.997	0.001
0.250	0.154	0.178	0.418
0.373	0.530	0.056	0.041
>AACCGAAA	5-AACCGAAA	4.888044	-177.640678	0	T:11935.0(28.37%),B:10111.1(24.40%),P:1e-77	Tpos:100.3,Tstd:56.2,Bpos:99.4,Bstd:65.6,StrandBias:0.0,Multiplicity:1.28
0.806	0.082	0.071	0.041
0.740	0.081	0.127	0.052
0.170	0.686	0.082	0.062
0.052	0.674	0.148	0.126
0.142	0.065	0.707	0.086
0.694	0.072	0.168	0.066
0.859	0.051	0.036	0.054
0.836	0.060	0.040	0.064
>GCCATGTT	6-GCCATGTT	7.433760	-169.123716	0	T:2147.0(5.10%),B:1402.8(3.38%),P:1e-73	Tpos:97.7,Tstd:57.1,Bpos:100.7,Bstd:59.7,StrandBias:0.1,Multiplicity:1.02
0.110	0.001	0.888	0.001
0.001	0.997	0.001	0.001
0.001	0.997	0.001	0.001
0.997	0.001	0.001	0.001
0.001	0.001	0.001	0.997
0.001	0.239	0.592	0.168
0.001	0.001	0.001	0.997
0.001	0.001	0.001	0.997
>AACCAATC	7-AACCAATC	4.810565	-103.947845	0	T:9553.0(22.71%),B:8248.5(19.90%),P:1e-45	Tpos:99.4,Tstd:55.9,Bpos:93.5,Bstd:61.4,StrandBias:0.0,Multiplicity:1.23
0.693	0.087	0.182	0.038
0.500	0.169	0.163	0.168
0.015	0.813	0.143	0.029
0.072	0.786	0.035	0.107
0.837	0.001	0.147	0.015
0.916	0.042	0.001	0.041
0.112	0.118	0.001	0.769
0.098	0.651	0.192	0.059
>TAAGGGGA	8-TAAGGGGA	4.845156	-95.072190	0	T:14300.0(33.99%),B:12813.0(30.92%),P:1e-41	Tpos:99.5,Tstd:56.0,Bpos:100.2,Bstd:61.1,StrandBias:0.0,Multiplicity:1.17
0.106	0.056	0.066	0.772
0.739	0.027	0.108	0.126
0.753	0.113	0.084	0.050
0.086	0.059	0.779	0.076
0.096	0.116	0.772	0.016
0.079	0.058	0.798	0.065
0.144	0.071	0.732	0.053
0.660	0.094	0.111	0.135
>TTCCGCCC	9-TTCCGCCC	6.296633	-85.665806	0	T:10980.0(26.10%),B:9705.6(23.42%),P:1e-37	Tpos:100.0,Tstd:56.0,Bpos:98.8,Bstd:59.9,StrandBias:-0.1,Multiplicity:1.11
0.001	0.347	0.001	0.651
0.204	0.035	0.001	0.760
0.001	0.746	0.252	0.001
0.001	0.606	0.392	0.001
0.298	0.001	0.547	0.154
0.072	0.695	0.001	0.232
0.230	0.767	0.002	0.001
0.001	0.690	0.270	0.039
>TGTCGCCG	10-TGTCGCCG	5.599513	-79.193079	0	T:7433.0(17.67%),B:6406.5(15.46%),P:1e-34	Tpos:98.9,Tstd:56.5,Bpos:101.2,Bstd:58.8,StrandBias:-0.0,Multiplicity:1.09
0.040	0.097	0.001	0.862
0.246	0.088	0.472	0.193
0.023	0.040	0.148	0.789
0.095	0.669	0.030	0.206
0.091	0.001	0.907	0.001
0.044	0.815	0.015	0.126
0.074	0.804	0.095	0.027
0.137	0.062	0.692	0.109
>GGGGGGGG	11-GGGGGGGG	5.807799	-60.678928	0	T:20005.0(47.55%),B:18628.7(44.95%),P:1e-26	Tpos:99.8,Tstd:55.8,Bpos:98.2,Bstd:57.9,StrandBias:0.0,Multiplicity:1.52
0.222	0.001	0.595	0.182
0.327	0.001	0.671	0.001
0.001	0.001	0.997	0.001
0.001	0.001	0.768	0.230
0.192	0.001	0.806	0.001
0.156	0.001	0.724	0.119
0.181	0.001	0.571	0.247
0.138	0.001	0.699	0.162
>CTGCTGCT	12-CTGCTGCT	6.823838	-53.647151	0	T:4305.0(10.23%),B:3652.7(8.81%),P:1e-23	Tpos:100.3,Tstd:56.4,Bpos:101.3,Bstd:57.1,StrandBias:0.0,Multiplicity:1.05
0.067	0.931	0.001	0.001
0.001	0.001	0.124	0.874
0.001	0.001	0.997	0.001
0.001	0.910	0.001	0.088
0.001	0.001	0.001	0.997
0.001	0.001	0.918	0.080
0.001	0.759	0.001	0.239
0.001	0.001	0.001	0.997
>AGTAGTCT	13-AGTAGTCT	7.091855	-52.643616	0	T:1106.0(2.63%),B:798.0(1.93%),P:1e-22	Tpos:104.4,Tstd:57.1,Bpos:100.4,Bstd:62.9,StrandBias:-0.0,Multiplicity:1.03
0.866	0.019	0.048	0.067
0.029	0.028	0.897	0.046
0.001	0.166	0.001	0.832
0.944	0.027	0.028	0.001
0.058	0.001	0.822	0.119
0.069	0.001	0.104	0.826
0.066	0.882	0.001	0.051
0.001	0.019	0.001	0.979
>CGCATGCG	14-CGCATGCG	8.251625	-49.872353	0	T:2850.0(6.77%),B:2343.7(5.66%),P:1e-21	Tpos:97.7,Tstd:56.0,Bpos:92.1,Bstd:51.8,StrandBias:0.0,Multiplicity:1.13
0.001	0.997	0.001	0.001
0.001	0.001	0.997	0.001
0.001	0.997	0.001	0.001
0.801	0.197	0.001	0.001
0.233	0.090	0.001	0.676
0.018	0.001	0.980	0.001
0.052	0.874	0.001	0.073
0.001	0.042	0.956	0.001
>TACGGAAG	15-TACGGAAG	6.238055	-45.312630	0	T:2935.0(6.98%),B:2442.7(5.89%),P:1e-19	Tpos:97.3,Tstd:56.2,Bpos:102.1,Bstd:59.2,StrandBias:0.0,Multiplicity:1.02
0.001	0.001	0.025	0.973
0.601	0.001	0.144	0.254
0.001	0.997	0.001	0.001
0.001	0.001	0.997	0.001
0.001	0.001	0.997	0.001
0.802	0.196	0.001	0.001
0.656	0.149	0.001	0.194
0.001	0.001	0.997	0.001
>AGCTTAAG	16-AGCTTAAG	6.739455	-41.220436	0	T:1263.0(3.00%),B:966.9(2.33%),P:1e-17	Tpos:97.9,Tstd:56.5,Bpos:103.0,Bstd:64.5,StrandBias:0.2,Multiplicity:1.04
0.900	0.028	0.027	0.045
0.181	0.071	0.747	0.001
0.036	0.905	0.042	0.017
0.109	0.001	0.033	0.857
0.001	0.001	0.032	0.966
0.923	0.001	0.026	0.050
0.886	0.062	0.051	0.001
0.122	0.052	0.813	0.013
>GTCACTTG	17-GTCACTTG	6.698747	-40.401587	0	T:2043.0(4.86%),B:1659.9(4.01%),P:1e-17	Tpos:100.1,Tstd:56.0,Bpos:94.0,Bstd:56.9,StrandBias:-0.1,Multiplicity:1.04
0.177	0.103	0.719	0.001
0.113	0.001	0.060	0.826
0.004	0.809	0.001	0.186
0.970	0.001	0.028	0.001
0.190	0.804	0.005	0.001
0.158	0.001	0.047	0.794
0.158	0.047	0.013	0.782
0.099	0.001	0.899	0.001
>ABCACAAC	18-ABCACAAC	6.194959	-38.559547	0	T:1140.0(2.71%),B:868.9(2.10%),P:1e-16	Tpos:96.9,Tstd:56.6,Bpos:101.6,Bstd:60.0,StrandBias:-0.0,Multiplicity:1.01
0.577	0.001	0.356	0.066
0.062	0.237	0.315	0.386
0.252	0.484	0.203	0.061
0.694	0.001	0.001	0.304
0.382	0.586	0.031	0.001
0.659	0.081	0.001	0.259
0.952	0.046	0.001	0.001
0.054	0.537	0.272	0.137
>TGAGGAAA	19-TGAGGAAA	9.130628	-36.121357	0	T:934.0(2.22%),B:698.2(1.68%),P:1e-15	Tpos:98.3,Tstd:54.9,Bpos:105.2,Bstd:61.5,StrandBias:-0.2,Multiplicity:1.01
0.001	0.001	0.001	0.997
0.001	0.001	0.997	0.001
0.997	0.001	0.001	0.001
0.001	0.001	0.997	0.001
0.001	0.001	0.997	0.001
0.797	0.001	0.001	0.201
0.997	0.001	0.001	0.001
0.818	0.180	0.001	0.001
>CCCGGATA	20-CCCGGATA	3.736861	-29.272018	0	T:621.0(1.48%),B:451.5(1.09%),P:1e-12	Tpos:102.0,Tstd:55.8,Bpos:96.1,Bstd:60.0,StrandBias:0.0,Multiplicity:1.01
0.298	0.646	0.001	0.055
0.001	0.652	0.058	0.289
0.001	0.997	0.001	0.001
0.001	0.001	0.997	0.001
0.001	0.001	0.997	0.001
0.997	0.001	0.001	0.001
0.001	0.001	0.001	0.997
0.997	0.001	0.001	0.001
>ACTACACR	21-ACTACACR	8.590196	-26.793855	0	T:542.0(1.29%),B:391.6(0.95%),P:1e-11	Tpos:97.3,Tstd:56.6,Bpos:99.2,Bstd:58.6,StrandBias:0.2,Multiplicity:1.01
0.997	0.001	0.001	0.001
0.001	0.997	0.001	0.001
0.001	0.001	0.001	0.997
0.997	0.001	0.001	0.001
0.001	0.997	0.001	0.001
0.619	0.001	0.379	0.001
0.001	0.997	0.001	0.001
0.314	0.135	0.380	0.171
>TATCGATG	22-TATCGATG	10.033685	-24.056524	0	T:65.0(0.15%),B:25.9(0.06%),P:1e-10	Tpos:115.1,Tstd:55.7,Bpos:116.2,Bstd:55.2,StrandBias:0.4,Multiplicity:1.00
0.001	0.001	0.001	0.997
0.997	0.001	0.001	0.001
0.001	0.001	0.001	0.997
0.001	0.997	0.001	0.001
0.001	0.001	0.997	0.001
0.997	0.001	0.001	0.001
0.355	0.001	0.001	0.643
0.001	0.001	0.997	0.001
>TAAGGTCT	23-TAAGGTCT	8.090438	-23.834908	0	T:343.0(0.82%),B:233.8(0.56%),P:1e-10	Tpos:95.2,Tstd:57.2,Bpos:91.2,Bstd:63.7,StrandBias:-0.5,Multiplicity:1.01
0.001	0.001	0.001	0.997
0.605	0.001	0.001	0.393
0.997	0.001	0.001	0.001
0.001	0.129	0.869	0.001
0.001	0.001	0.997	0.001
0.001	0.001	0.001	0.997
0.001	0.997	0.001	0.001
0.001	0.001	0.001	0.997
>CTGTCATT	24-CTGTCATT	8.236954	-23.159151	0	T:230.0(0.55%),B:144.3(0.35%),P:1e-10	Tpos:93.8,Tstd:58.1,Bpos:111.4,Bstd:60.2,StrandBias:-0.5,Multiplicity:1.01
0.100	0.700	0.100	0.100
0.100	0.100	0.100	0.700
0.100	0.100	0.700	0.100
0.100	0.100	0.100	0.700
0.100	0.700	0.100	0.100
0.700	0.100	0.100	0.100
0.100	0.100	0.100	0.700
0.100	0.100	0.100	0.700
>CAATGTAT	25-CAATGTAT	9.152000	-19.198183	0	T:100.0(0.24%),B:52.1(0.13%),P:1e-8	Tpos:86.0,Tstd:55.1,Bpos:89.3,Bstd:54.7,StrandBias:0.4,Multiplicity:1.01
0.001	0.997	0.001	0.001
0.997	0.001	0.001	0.001
0.997	0.001	0.001	0.001
0.001	0.147	0.001	0.851
0.001	0.001	0.997	0.001
0.001	0.001	0.001	0.997
0.997	0.001	0.001	0.001
0.001	0.001	0.001	0.997
