>SAAVATGGCGGC	1-SAAVATGGCGGC	9.033302	-211.314593	0	T:1865.0(4.43%),B:1111.5(2.68%),P:1e-91	Tpos:100.3,Tstd:55.1,Bpos:108.4,Bstd:50.9,StrandBias:0.1,Multiplicity:1.03
0.176	0.386	0.253	0.185
0.634	0.001	0.364	0.001
0.712	0.015	0.001	0.272
0.353	0.345	0.300	0.001
0.997	0.001	0.001	0.001
0.001	0.001	0.001	0.997
0.001	0.001	0.997	0.001
0.001	0.001	0.997	0.001
0.274	0.724	0.001	0.001
0.001	0.195	0.540	0.264
0.001	0.232	0.589	0.178
0.294	0.511	0.001	0.194
>YACTTCCTCTTT	2-YACTTCCTCTTT	6.665948	-170.853916	0	T:8769.0(20.84%),B:7204.4(17.38%),P:1e-74	Tpos:100.5,Tstd:55.2,Bpos:100.3,Bstd:62.6,StrandBias:0.0,Multiplicity:1.19
0.113	0.423	0.063	0.401
0.482	0.200	0.163	0.155
0.013	0.679	0.114	0.194
0.007	0.011	0.001	0.981
0.003	0.037	0.017	0.943
0.006	0.773	0.010	0.211
0.010	0.961	0.004	0.025
0.018	0.222	0.066	0.694
0.024	0.613	0.144	0.219
0.056	0.195	0.016	0.733
0.016	0.069	0.025	0.890
0.007	0.254	0.033	0.706
>AAAGTGAAAGTA	3-AAAGTGAAAGTA	9.333773	-156.107358	0	T:336.0(0.80%),B:107.4(0.26%),P:1e-67	Tpos:100.3,Tstd:53.4,Bpos:102.9,Bstd:68.1,StrandBias:0.1,Multiplicity:1.05
0.993	0.003	0.003	0.001
0.986	0.001	0.003	0.010
0.995	0.001	0.001	0.003
0.254	0.147	0.579	0.020
0.042	0.004	0.020	0.934
0.030	0.001	0.968	0.001
0.997	0.001	0.001	0.001
0.993	0.003	0.001	0.003
0.995	0.001	0.003	0.001
0.001	0.074	0.924	0.001
0.001	0.091	0.001	0.907
0.887	0.020	0.092	0.001
>ATTTCTAGGCTT	4-ATTTCTAGGCTT	11.297112	-102.385688	0	T:46.0(0.11%),B:2.8(0.01%),P:1e-44	Tpos:106.8,Tstd:55.0,Bpos:43.2,Bstd:11.2,StrandBias:-0.1,Multiplicity:1.00
0.997	0.001	0.001	0.001
0.001	0.040	0.007	0.952
0.007	0.007	0.001	0.985
0.001	0.006	0.001	0.992
0.001	0.997	0.001	0.001
0.063	0.040	0.001	0.896
0.997	0.001	0.001	0.001
0.001	0.001	0.978	0.020
0.001	0.001	0.997	0.001
0.001	0.997	0.001	0.001
0.001	0.006	0.001	0.992
0.001	0.001	0.001	0.997
>TTGCGCATGCGC	5-TTGCGCATGCGC	9.832636	-98.514256	0	T:1466.0(3.48%),B:990.6(2.39%),P:1e-42	Tpos:96.6,Tstd:54.7,Bpos:85.4,Bstd:47.1,StrandBias:-0.0,Multiplicity:1.13
0.112	0.269	0.183	0.437
0.024	0.104	0.123	0.749
0.080	0.030	0.882	0.008
0.053	0.902	0.037	0.008
0.031	0.019	0.928	0.022
0.008	0.950	0.034	0.008
0.705	0.147	0.055	0.093
0.095	0.051	0.119	0.735
0.006	0.018	0.967	0.009
0.014	0.932	0.015	0.039
0.008	0.032	0.919	0.041
0.007	0.895	0.022	0.076
>TTGAAGAGACTA	6-TTGAAGAGACTA	12.160660	-75.199273	0	T:30.0(0.07%),B:1.9(0.00%),P:1e-32	Tpos:112.3,Tstd:57.5,Bpos:54.0,Bstd:0.0,StrandBias:0.8,Multiplicity:1.00
0.021	0.066	0.084	0.829
0.021	0.001	0.043	0.935
0.084	0.001	0.872	0.043
0.977	0.001	0.021	0.001
0.977	0.001	0.021	0.001
0.204	0.001	0.794	0.001
0.997	0.001	0.001	0.001
0.087	0.021	0.891	0.001
0.893	0.085	0.021	0.001
0.021	0.872	0.021	0.086
0.162	0.001	0.001	0.836
0.404	0.163	0.192	0.240
>CCCCCCCCCCCM	7-CCCCCCCCCCCM	8.294873	-74.165188	0	T:6110.0(14.52%),B:5205.9(12.56%),P:1e-32	Tpos:99.2,Tstd:55.1,Bpos:97.7,Bstd:57.0,StrandBias:-0.0,Multiplicity:1.14
0.064	0.644	0.012	0.280
0.009	0.772	0.009	0.210
0.088	0.649	0.029	0.234
0.002	0.911	0.022	0.065
0.084	0.698	0.050	0.168
0.089	0.745	0.008	0.158
0.199	0.724	0.001	0.076
0.145	0.676	0.001	0.178
0.005	0.989	0.001	0.005
0.132	0.788	0.020	0.060
0.106	0.828	0.065	0.001
0.378	0.442	0.033	0.147
>GTGGCGGCGGCG	8-GTGGCGGCGGCG	9.198090	-74.139958	0	T:4231.0(10.06%),B:3482.3(8.40%),P:1e-32	Tpos:98.6,Tstd:54.9,Bpos:104.8,Bstd:55.7,StrandBias:0.1,Multiplicity:1.11
0.063	0.052	0.842	0.043
0.062	0.087	0.056	0.795
0.041	0.035	0.900	0.024
0.050	0.052	0.881	0.017
0.042	0.837	0.042	0.079
0.097	0.042	0.794	0.067
0.041	0.055	0.876	0.028
0.080	0.845	0.026	0.049
0.065	0.066	0.778	0.091
0.058	0.047	0.857	0.038
0.063	0.795	0.084	0.058
0.055	0.064	0.803	0.078
>CTAATCTTAAAA	9-CTAATCTTAAAA	11.593604	-72.213061	0	T:36.0(0.09%),B:2.1(0.01%),P:1e-31	Tpos:82.4,Tstd:50.0,Bpos:138.0,Bstd:0.0,StrandBias:0.7,Multiplicity:1.00
0.043	0.955	0.001	0.001
0.001	0.001	0.043	0.955
0.997	0.001	0.001	0.001
0.911	0.001	0.044	0.044
0.130	0.044	0.044	0.782
0.001	0.751	0.001	0.247
0.044	0.044	0.001	0.911
0.001	0.044	0.044	0.911
0.911	0.044	0.001	0.044
0.955	0.001	0.043	0.001
0.997	0.001	0.001	0.001
0.997	0.001	0.001	0.001
>ACCAAAGCTTTA	10-ACCAAAGCTTTA	11.365252	-65.138078	0	T:27.0(0.06%),B:1.3(0.00%),P:1e-28	Tpos:102.9,Tstd:46.0,Bpos:22.0,Bstd:0.0,StrandBias:1.2,Multiplicity:1.00
0.773	0.058	0.083	0.086
0.196	0.733	0.039	0.032
0.040	0.868	0.027	0.065
0.870	0.065	0.059	0.006
0.845	0.039	0.052	0.064
0.852	0.027	0.076	0.045
0.040	0.058	0.756	0.146
0.046	0.851	0.071	0.032
0.026	0.056	0.039	0.879
0.032	0.032	0.032	0.904
0.052	0.068	0.058	0.822
0.862	0.052	0.046	0.040
>TGCGACAGCAAA	11-TGCGACAGCAAA	12.642272	-65.138078	0	T:27.0(0.06%),B:1.2(0.00%),P:1e-28	Tpos:92.3,Tstd:43.7,Bpos:119.6,Bstd:47.2,StrandBias:0.8,Multiplicity:1.00
0.001	0.001	0.045	0.953
0.046	0.134	0.819	0.001
0.001	0.953	0.001	0.045
0.046	0.046	0.862	0.046
0.997	0.001	0.001	0.001
0.134	0.819	0.046	0.001
0.997	0.001	0.001	0.001
0.001	0.045	0.953	0.001
0.045	0.953	0.001	0.001
0.953	0.045	0.001	0.001
0.907	0.046	0.046	0.001
0.953	0.001	0.001	0.045
>GTTTAGCAACTG	12-GTTTAGCAACTG	10.588889	-63.628721	0	T:38.0(0.09%),B:4.0(0.01%),P:1e-27	Tpos:88.8,Tstd:52.5,Bpos:81.7,Bstd:57.9,StrandBias:0.1,Multiplicity:1.00
0.048	0.061	0.829	0.062
0.054	0.007	0.047	0.892
0.027	0.048	0.061	0.864
0.092	0.048	0.054	0.806
0.776	0.042	0.062	0.120
0.048	0.027	0.883	0.042
0.067	0.822	0.054	0.057
0.837	0.048	0.054	0.061
0.825	0.020	0.127	0.028
0.057	0.777	0.105	0.061
0.048	0.054	0.034	0.864
0.041	0.062	0.842	0.055
>TGGTTGCATTGC	13-TGGTTGCATTGC	10.230875	-63.628721	0	T:38.0(0.09%),B:4.0(0.01%),P:1e-27	Tpos:94.3,Tstd:66.6,Bpos:74.9,Bstd:44.1,StrandBias:-0.7,Multiplicity:1.00
0.081	0.035	0.037	0.847
0.035	0.047	0.836	0.082
0.095	0.046	0.750	0.109
0.023	0.014	0.049	0.914
0.081	0.104	0.001	0.814
0.046	0.014	0.849	0.091
0.107	0.858	0.023	0.012
0.765	0.093	0.095	0.047
0.070	0.081	0.058	0.791
0.035	0.012	0.023	0.930
0.070	0.035	0.883	0.012
0.047	0.777	0.095	0.081
>ATCTAGTAGTTT	14-ATCTAGTAGTTT	10.170010	-53.785865	0	T:45.0(0.11%),B:6.1(0.01%),P:1e-23	Tpos:91.4,Tstd:59.9,Bpos:129.6,Bstd:35.1,StrandBias:0.8,Multiplicity:1.00
0.800	0.089	0.040	0.071
0.096	0.092	0.080	0.732
0.014	0.890	0.057	0.039
0.053	0.039	0.117	0.791
0.895	0.078	0.001	0.026
0.014	0.001	0.906	0.079
0.087	0.079	0.092	0.742
0.795	0.027	0.086	0.092
0.066	0.107	0.746	0.081
0.052	0.013	0.039	0.896
0.014	0.026	0.001	0.959
0.105	0.026	0.013	0.856
>TAAACAATGTGC	15-TAAACAATGTGC	10.525862	-46.524443	0	T:31.0(0.07%),B:3.9(0.01%),P:1e-20	Tpos:98.5,Tstd:58.9,Bpos:77.4,Bstd:26.0,StrandBias:0.4,Multiplicity:1.00
0.088	0.030	0.059	0.823
0.841	0.050	0.040	0.069
0.900	0.040	0.010	0.050
0.910	0.050	0.020	0.020
0.137	0.743	0.050	0.070
0.880	0.040	0.011	0.069
0.838	0.092	0.030	0.040
0.088	0.050	0.070	0.792
0.030	0.040	0.860	0.070
0.059	0.030	0.050	0.861
0.080	0.021	0.780	0.119
0.069	0.793	0.079	0.059
>TTATACTCCAGA	16-TTATACTCCAGA	10.017249	-45.987126	0	T:44.0(0.10%),B:7.9(0.02%),P:1e-19	Tpos:79.3,Tstd:53.1,Bpos:70.5,Bstd:67.2,StrandBias:0.5,Multiplicity:1.00
0.047	0.018	0.028	0.907
0.028	0.064	0.064	0.844
0.806	0.047	0.046	0.101
0.064	0.074	0.066	0.796
0.833	0.056	0.047	0.064
0.028	0.779	0.073	0.120
0.037	0.082	0.029	0.852
0.064	0.797	0.047	0.092
0.046	0.889	0.028	0.037
0.888	0.018	0.057	0.037
0.082	0.057	0.806	0.055
0.826	0.054	0.073	0.047
>TCTACCACACTA	17-TCTACCACACTA	10.205690	-44.170476	0	T:37.0(0.09%),B:5.2(0.01%),P:1e-19	Tpos:108.7,Tstd:45.0,Bpos:133.2,Bstd:51.2,StrandBias:0.4,Multiplicity:1.00
0.024	0.064	0.029	0.883
0.029	0.880	0.023	0.068
0.064	0.059	0.018	0.859
0.758	0.100	0.065	0.077
0.058	0.883	0.023	0.036
0.041	0.900	0.012	0.047
0.820	0.093	0.057	0.030
0.077	0.830	0.070	0.023
0.781	0.029	0.099	0.091
0.035	0.841	0.071	0.053
0.103	0.037	0.070	0.790
0.790	0.082	0.058	0.070
>TGACAGGAVGAG	18-TGACAGGAVGAG	4.396044	-42.208536	0	T:18382.0(43.69%),B:17225.4(41.56%),P:1e-18	Tpos:100.6,Tstd:54.6,Bpos:100.5,Bstd:57.3,StrandBias:-0.0,Multiplicity:1.31
0.037	0.040	0.051	0.872
0.161	0.184	0.485	0.171
0.729	0.173	0.063	0.035
0.049	0.881	0.051	0.019
0.592	0.164	0.211	0.033
0.040	0.182	0.588	0.190
0.245	0.030	0.548	0.177
0.547	0.030	0.231	0.192
0.312	0.313	0.268	0.107
0.040	0.029	0.724	0.207
0.713	0.196	0.036	0.055
0.040	0.032	0.741	0.187
>TTAGGTTTAACG	19-TTAGGTTTAACG	10.429265	-37.266124	0	T:23.0(0.05%),B:3.0(0.01%),P:1e-16	Tpos:100.3,Tstd:44.6,Bpos:75.8,Bstd:7.3,StrandBias:-0.1,Multiplicity:1.00
0.051	0.013	0.053	0.883
0.026	0.038	0.038	0.898
0.834	0.051	0.051	0.064
0.053	0.014	0.895	0.038
0.038	0.051	0.807	0.104
0.051	0.038	0.104	0.807
0.051	0.026	0.038	0.885
0.104	0.013	0.051	0.832
0.833	0.038	0.051	0.078
0.855	0.053	0.066	0.026
0.099	0.759	0.051	0.091
0.102	0.064	0.743	0.091
>CTTAAAAGTTAC	20-CTTAAAAGTTAC	10.554276	-36.547473	0	T:30.0(0.07%),B:4.5(0.01%),P:1e-15	Tpos:95.2,Tstd:59.2,Bpos:136.8,Bstd:12.6,StrandBias:0.6,Multiplicity:1.00
0.082	0.794	0.055	0.069
0.021	0.048	0.027	0.904
0.083	0.062	0.048	0.807
0.835	0.048	0.062	0.055
0.843	0.048	0.068	0.041
0.911	0.021	0.034	0.034
0.883	0.027	0.034	0.056
0.117	0.048	0.793	0.042
0.083	0.069	0.048	0.800
0.109	0.076	0.021	0.794
0.814	0.076	0.021	0.089
0.057	0.839	0.063	0.041
>TGAAAGCTCAAT	21-TGAAAGCTCAAT	11.119918	-30.978862	0	T:24.0(0.06%),B:3.5(0.01%),P:1e-13	Tpos:118.3,Tstd:43.0,Bpos:154.7,Bstd:13.6,StrandBias:1.4,Multiplicity:1.05
0.060	0.039	0.039	0.862
0.046	0.053	0.841	0.060
0.879	0.038	0.060	0.023
0.885	0.038	0.054	0.023
0.887	0.060	0.023	0.030
0.046	0.052	0.819	0.083
0.046	0.869	0.031	0.054
0.096	0.105	0.031	0.768
0.103	0.755	0.046	0.096
0.862	0.062	0.023	0.053
0.834	0.038	0.045	0.083
0.096	0.083	0.061	0.760
>AATGGTTTAACC	22-AATGGTTTAACC	10.409522	-28.731761	0	T:26.0(0.06%),B:4.2(0.01%),P:1e-12	Tpos:89.3,Tstd:46.5,Bpos:80.5,Bstd:32.1,StrandBias:1.0,Multiplicity:1.00
0.700	0.100	0.100	0.100
0.700	0.100	0.100	0.100
0.100	0.100	0.100	0.700
0.100	0.100	0.700	0.100
0.100	0.100	0.700	0.100
0.100	0.100	0.100	0.700
0.100	0.100	0.100	0.700
0.100	0.100	0.100	0.700
0.700	0.100	0.100	0.100
0.700	0.100	0.100	0.100
0.100	0.700	0.100	0.100
0.100	0.700	0.100	0.100
>CACTTGTGAGTT	23-CACTTGTGAGTT	9.370875	-25.042488	0	T:24.0(0.06%),B:4.4(0.01%),P:1e-10	Tpos:115.3,Tstd:46.8,Bpos:175.3,Bstd:20.6,StrandBias:-0.4,Multiplicity:1.00
0.088	0.752	0.091	0.069
0.753	0.076	0.075	0.096
0.066	0.747	0.091	0.096
0.063	0.082	0.086	0.769
0.069	0.067	0.107	0.757
0.059	0.110	0.718	0.113
0.087	0.084	0.100	0.729
0.083	0.083	0.770	0.064
0.735	0.065	0.094	0.106
0.078	0.084	0.746	0.092
0.066	0.082	0.080	0.772
0.062	0.097	0.087	0.754
>AGCAATAGTAAA	24-AGCAATAGTAAA	11.223991	-19.602122	0	T:34.0(0.08%),B:10.0(0.02%),P:1e-8	Tpos:110.0,Tstd:52.0,Bpos:101.8,Bstd:72.9,StrandBias:0.6,Multiplicity:1.00
0.908	0.023	0.046	0.023
0.054	0.071	0.867	0.008
0.262	0.644	0.055	0.039
0.915	0.039	0.015	0.031
0.934	0.017	0.040	0.009
0.082	0.054	0.039	0.825
0.874	0.023	0.040	0.063
0.046	0.040	0.860	0.054
0.257	0.055	0.077	0.611
0.822	0.023	0.077	0.078
0.849	0.097	0.039	0.015
0.910	0.066	0.015	0.009
>GGTCTCGGGCCG	25-GGTCTCGGGCCG	9.694726	-8.481181	0	T:17.0(0.04%),B:6.7(0.02%),P:1e-3	Tpos:88.6,Tstd:54.6,Bpos:78.0,Bstd:47.5,StrandBias:2.7,Multiplicity:1.88
0.001	0.001	0.997	0.001
0.001	0.001	0.997	0.001
0.001	0.001	0.001	0.997
0.001	0.997	0.001	0.001
0.001	0.001	0.001	0.997
0.001	0.997	0.001	0.001
0.001	0.001	0.997	0.001
0.001	0.001	0.997	0.001
0.008	0.001	0.990	0.001
0.001	0.997	0.001	0.001
0.001	0.997	0.001	0.001
0.001	0.001	0.997	0.001
