>VMGGAAVTGR	1-VMGGAAVTGR	4.682085	-301.877797	0	T:12543.0(29.82%),B:10186.1(24.58%),P:1e-131	Tpos:100.0,Tstd:55.0,Bpos:97.9,Bstd:59.0,StrandBias:-0.0,Multiplicity:1.24
0.303	0.284	0.276	0.137
0.325	0.402	0.140	0.134
0.190	0.141	0.546	0.123
0.244	0.144	0.521	0.091
0.602	0.143	0.020	0.235
0.845	0.016	0.080	0.059
0.285	0.263	0.398	0.053
0.129	0.206	0.107	0.558
0.231	0.137	0.477	0.156
0.441	0.107	0.323	0.130
>CGCCATNTTD	2-CGCCATNTTD	6.535860	-251.465544	0	T:3164.0(7.52%),B:2068.9(4.99%),P:1e-109	Tpos:99.8,Tstd:55.6,Bpos:106.0,Bstd:54.2,StrandBias:-0.1,Multiplicity:1.05
0.229	0.620	0.140	0.011
0.020	0.192	0.599	0.189
0.010	0.968	0.013	0.009
0.016	0.928	0.052	0.004
0.616	0.222	0.031	0.131
0.059	0.102	0.011	0.828
0.267	0.211	0.234	0.289
0.221	0.098	0.186	0.495
0.095	0.279	0.092	0.534
0.297	0.135	0.319	0.249
>CTTCCCCTTT	3-CTTCCCCTTT	6.304080	-171.646597	0	T:6108.0(14.52%),B:4792.5(11.56%),P:1e-74	Tpos:98.7,Tstd:55.5,Bpos:100.4,Bstd:64.5,StrandBias:0.0,Multiplicity:1.10
0.012	0.613	0.135	0.240
0.001	0.005	0.019	0.975
0.062	0.105	0.047	0.786
0.038	0.838	0.022	0.102
0.034	0.930	0.023	0.013
0.266	0.611	0.026	0.097
0.143	0.499	0.082	0.275
0.037	0.030	0.001	0.932
0.113	0.001	0.001	0.885
0.362	0.001	0.112	0.525
>CGCAACCAAT	4-CGCAACCAAT	4.607979	-144.857442	0	T:10723.0(25.49%),B:9131.5(22.03%),P:1e-62	Tpos:100.0,Tstd:56.0,Bpos:97.4,Bstd:59.2,StrandBias:-0.0,Multiplicity:1.19
0.113	0.676	0.098	0.113
0.104	0.133	0.643	0.120
0.112	0.691	0.099	0.098
0.714	0.094	0.097	0.095
0.708	0.093	0.120	0.079
0.084	0.732	0.097	0.087
0.096	0.711	0.100	0.093
0.731	0.086	0.083	0.100
0.694	0.102	0.080	0.124
0.117	0.107	0.076	0.700
>AAACCGAAAC	5-AAACCGAAAC	6.359118	-140.056204	0	T:4222.0(10.04%),B:3228.9(7.79%),P:1e-60	Tpos:99.6,Tstd:55.4,Bpos:99.8,Bstd:66.6,StrandBias:0.1,Multiplicity:1.14
0.717	0.091	0.095	0.097
0.749	0.089	0.100	0.062
0.704	0.104	0.101	0.091
0.114	0.688	0.117	0.081
0.117	0.647	0.117	0.119
0.122	0.112	0.641	0.125
0.696	0.106	0.115	0.083
0.760	0.090	0.083	0.067
0.725	0.102	0.079	0.094
0.115	0.674	0.115	0.096
>CGTCACGTCA	6-CGTCACGTCA	4.782371	-109.917050	0	T:11578.0(27.52%),B:10122.7(24.43%),P:1e-47	Tpos:99.4,Tstd:55.7,Bpos:96.8,Bstd:55.9,StrandBias:0.0,Multiplicity:1.23
0.111	0.685	0.112	0.092
0.114	0.116	0.677	0.093
0.119	0.109	0.088	0.684
0.065	0.726	0.137	0.072
0.698	0.085	0.104	0.113
0.095	0.728	0.080	0.097
0.063	0.124	0.700	0.113
0.099	0.129	0.120	0.652
0.094	0.758	0.125	0.023
0.670	0.099	0.106	0.125
>TGCGCATGCG	7-TGCGCATGCG	8.240453	-95.636692	0	T:1802.0(4.28%),B:1274.2(3.07%),P:1e-41	Tpos:97.1,Tstd:55.3,Bpos:86.7,Bstd:48.7,StrandBias:-0.0,Multiplicity:1.16
0.048	0.177	0.086	0.689
0.082	0.065	0.764	0.089
0.065	0.888	0.017	0.030
0.085	0.043	0.855	0.017
0.056	0.815	0.061	0.068
0.742	0.100	0.052	0.106
0.128	0.064	0.075	0.733
0.048	0.044	0.815	0.093
0.059	0.881	0.020	0.040
0.061	0.053	0.821	0.065
>HYHCCCCCCH	8-HYHCCCCCCH	6.310721	-88.509463	0	T:5059.0(12.03%),B:4169.3(10.06%),P:1e-38	Tpos:99.4,Tstd:55.2,Bpos:96.2,Bstd:58.4,StrandBias:-0.0,Multiplicity:1.13
0.262	0.308	0.119	0.311
0.112	0.426	0.011	0.452
0.264	0.403	0.014	0.319
0.013	0.664	0.018	0.305
0.021	0.709	0.021	0.249
0.013	0.740	0.015	0.232
0.008	0.730	0.012	0.250
0.154	0.525	0.007	0.314
0.209	0.521	0.011	0.259
0.302	0.383	0.038	0.277
>GTTGCGTAAT	9-GTTGCGTAAT	5.693620	-80.941273	0	T:2085.0(4.96%),B:1553.2(3.75%),P:1e-35	Tpos:102.4,Tstd:54.9,Bpos:99.9,Bstd:59.5,StrandBias:-0.0,Multiplicity:1.03
0.070	0.091	0.689	0.150
0.077	0.274	0.078	0.571
0.006	0.082	0.140	0.772
0.176	0.078	0.610	0.136
0.154	0.508	0.160	0.178
0.089	0.179	0.480	0.252
0.199	0.092	0.120	0.589
0.566	0.336	0.043	0.055
0.689	0.114	0.138	0.059
0.112	0.165	0.121	0.602
>ATGAAAGTAC	10-ATGAAAGTAC	9.808147	-61.062616	0	T:119.0(0.28%),B:36.2(0.09%),P:1e-26	Tpos:93.0,Tstd:52.9,Bpos:107.2,Bstd:58.5,StrandBias:-0.1,Multiplicity:1.00
0.617	0.130	0.120	0.133
0.037	0.001	0.001	0.961
0.001	0.080	0.881	0.038
0.928	0.001	0.017	0.054
0.806	0.001	0.109	0.084
0.898	0.063	0.001	0.038
0.001	0.131	0.867	0.001
0.001	0.259	0.001	0.739
0.997	0.001	0.001	0.001
0.316	0.512	0.076	0.096
>TATTCCGWTA	11-TATTCCGWTA	10.435553	-58.113661	0	T:31.0(0.07%),B:2.2(0.01%),P:1e-25	Tpos:105.3,Tstd:44.6,Bpos:48.0,Bstd:22.4,StrandBias:0.9,Multiplicity:1.03
0.109	0.001	0.001	0.889
0.997	0.001	0.001	0.001
0.001	0.057	0.044	0.898
0.001	0.037	0.001	0.961
0.041	0.921	0.037	0.001
0.184	0.630	0.185	0.001
0.166	0.001	0.832	0.001
0.442	0.007	0.038	0.513
0.001	0.001	0.136	0.862
0.786	0.001	0.212	0.001
>TGCTGCTGCT	12-TGCTGCTGCT	8.033533	-49.450230	0	T:1365.0(3.24%),B:1028.0(2.48%),P:1e-21	Tpos:101.4,Tstd:56.3,Bpos:103.7,Bstd:51.8,StrandBias:-0.0,Multiplicity:1.04
0.057	0.064	0.042	0.837
0.027	0.001	0.938	0.034
0.001	0.906	0.066	0.027
0.001	0.048	0.001	0.950
0.091	0.036	0.872	0.001
0.001	0.969	0.001	0.029
0.001	0.001	0.041	0.957
0.013	0.033	0.926	0.028
0.041	0.875	0.001	0.083
0.036	0.070	0.001	0.893
>ACCATTTCTA	13-ACCATTTCTA	8.902729	-38.831400	0	T:59.0(0.14%),B:15.7(0.04%),P:1e-16	Tpos:91.8,Tstd:63.5,Bpos:53.4,Bstd:43.1,StrandBias:0.1,Multiplicity:1.00
0.997	0.001	0.001	0.001
0.001	0.997	0.001	0.001
0.200	0.798	0.001	0.001
0.997	0.001	0.001	0.001
0.001	0.001	0.001	0.997
0.001	0.001	0.001	0.997
0.001	0.001	0.001	0.997
0.001	0.997	0.001	0.001
0.001	0.001	0.001	0.997
0.989	0.001	0.009	0.001
>GCTTTCTATT	14-GCTTTCTATT	11.533317	-36.598029	0	T:36.0(0.09%),B:6.9(0.02%),P:1e-15	Tpos:88.2,Tstd:61.2,Bpos:51.9,Bstd:37.1,StrandBias:0.1,Multiplicity:1.00
0.001	0.001	0.997	0.001
0.001	0.898	0.100	0.001
0.001	0.001	0.001	0.997
0.001	0.001	0.001	0.997
0.001	0.001	0.001	0.997
0.001	0.997	0.001	0.001
0.001	0.001	0.001	0.997
0.997	0.001	0.001	0.001
0.001	0.001	0.001	0.997
0.001	0.001	0.001	0.997
>TCAAGTGTTT	15-TCAAGTGTTT	13.718244	-34.209921	0	T:17.0(0.04%),B:1.7(0.00%),P:1e-14	Tpos:77.9,Tstd:50.4,Bpos:98.0,Bstd:0.0,StrandBias:0.9,Multiplicity:1.00
0.001	0.001	0.001	0.997
0.001	0.997	0.001	0.001
0.997	0.001	0.001	0.001
0.889	0.109	0.001	0.001
0.001	0.001	0.997	0.001
0.001	0.001	0.001	0.997
0.001	0.001	0.997	0.001
0.001	0.001	0.001	0.997
0.001	0.001	0.001	0.997
0.001	0.001	0.001	0.997
>ATCTGGAGCA	16-ATCTGGAGCA	10.296193	-32.446657	0	T:21.0(0.05%),B:2.9(0.01%),P:1e-14	Tpos:74.7,Tstd:48.1,Bpos:102.5,Bstd:48.4,StrandBias:0.9,Multiplicity:1.00
0.700	0.100	0.100	0.100
0.100	0.100	0.100	0.700
0.100	0.700	0.100	0.100
0.100	0.100	0.100	0.700
0.100	0.100	0.700	0.100
0.100	0.100	0.700	0.100
0.700	0.100	0.100	0.100
0.100	0.100	0.700	0.100
0.100	0.700	0.100	0.100
0.700	0.100	0.100	0.100
>AGAGAAGTCG	17-AGAGAAGTCG	10.296193	-32.446657	0	T:21.0(0.05%),B:2.8(0.01%),P:1e-14	Tpos:108.4,Tstd:52.4,Bpos:117.1,Bstd:42.3,StrandBias:-0.2,Multiplicity:1.00
0.700	0.100	0.100	0.100
0.100	0.100	0.700	0.100
0.700	0.100	0.100	0.100
0.100	0.100	0.700	0.100
0.700	0.100	0.100	0.100
0.700	0.100	0.100	0.100
0.100	0.100	0.700	0.100
0.100	0.100	0.100	0.700
0.100	0.700	0.100	0.100
0.100	0.100	0.700	0.100
>ACCGGACAGG	18-ACCGGACAGG	10.296193	-28.731761	0	T:26.0(0.06%),B:4.4(0.01%),P:1e-12	Tpos:98.8,Tstd:54.6,Bpos:84.2,Bstd:43.1,StrandBias:-0.4,Multiplicity:1.00
0.700	0.100	0.100	0.100
0.100	0.700	0.100	0.100
0.100	0.700	0.100	0.100
0.100	0.100	0.700	0.100
0.100	0.100	0.700	0.100
0.700	0.100	0.100	0.100
0.100	0.700	0.100	0.100
0.700	0.100	0.100	0.100
0.100	0.100	0.700	0.100
0.100	0.100	0.700	0.100
>AATCACAAGG	19-AATCACAAGG	12.631929	-27.970587	0	T:31.0(0.07%),B:6.8(0.02%),P:1e-12	Tpos:100.6,Tstd:53.8,Bpos:73.7,Bstd:47.0,StrandBias:0.3,Multiplicity:1.00
0.997	0.001	0.001	0.001
0.997	0.001	0.001	0.001
0.001	0.001	0.001	0.997
0.300	0.698	0.001	0.001
0.997	0.001	0.001	0.001
0.001	0.997	0.001	0.001
0.997	0.001	0.001	0.001
0.997	0.001	0.001	0.001
0.001	0.001	0.997	0.001
0.001	0.001	0.997	0.001
>GCTAACTGGG	20-GCTAACTGGG	10.296193	-27.811832	0	T:19.0(0.05%),B:2.7(0.01%),P:1e-12	Tpos:97.7,Tstd:56.7,Bpos:71.6,Bstd:51.9,StrandBias:0.3,Multiplicity:1.00
0.100	0.100	0.700	0.100
0.100	0.700	0.100	0.100
0.100	0.100	0.100	0.700
0.700	0.100	0.100	0.100
0.700	0.100	0.100	0.100
0.100	0.700	0.100	0.100
0.100	0.100	0.100	0.700
0.100	0.100	0.700	0.100
0.100	0.100	0.700	0.100
0.100	0.100	0.700	0.100
>TAGGGCACGC	21-TAGGGCACGC	11.619495	-26.879731	0	T:22.0(0.05%),B:3.5(0.01%),P:1e-11	Tpos:99.7,Tstd:56.2,Bpos:82.2,Bstd:35.4,StrandBias:0.5,Multiplicity:1.00
0.001	0.001	0.001	0.997
0.997	0.001	0.001	0.001
0.001	0.001	0.997	0.001
0.001	0.001	0.889	0.109
0.001	0.001	0.997	0.001
0.001	0.997	0.001	0.001
0.997	0.001	0.001	0.001
0.001	0.997	0.001	0.001
0.001	0.001	0.997	0.001
0.001	0.997	0.001	0.001
>AGTCAGTCAG	22-AGTCAGTCAG	10.296193	-20.653024	0	T:24.0(0.06%),B:5.5(0.01%),P:1e-8	Tpos:98.5,Tstd:47.8,Bpos:107.7,Bstd:41.4,StrandBias:0.2,Multiplicity:1.04
0.700	0.100	0.100	0.100
0.100	0.100	0.700	0.100
0.100	0.100	0.100	0.700
0.100	0.700	0.100	0.100
0.700	0.100	0.100	0.100
0.100	0.100	0.700	0.100
0.100	0.100	0.100	0.700
0.100	0.700	0.100	0.100
0.700	0.100	0.100	0.100
0.100	0.100	0.700	0.100
>AGTCCAGACA	23-AGTCCAGACA	9.413053	-20.653024	0	T:24.0(0.06%),B:5.3(0.01%),P:1e-8	Tpos:100.1,Tstd:54.6,Bpos:116.4,Bstd:39.6,StrandBias:0.9,Multiplicity:1.05
0.997	0.001	0.001	0.001
0.001	0.001	0.997	0.001
0.001	0.001	0.001	0.997
0.001	0.997	0.001	0.001
0.001	0.986	0.012	0.001
0.997	0.001	0.001	0.001
0.001	0.001	0.997	0.001
0.997	0.001	0.001	0.001
0.001	0.997	0.001	0.001
0.997	0.001	0.001	0.001
>AATACCTGCA	24-AATACCTGCA	11.471442	-20.128100	0	T:26.0(0.06%),B:6.3(0.02%),P:1e-8	Tpos:122.7,Tstd:47.4,Bpos:116.2,Bstd:48.4,StrandBias:1.0,Multiplicity:1.00
0.997	0.001	0.001	0.001
0.997	0.001	0.001	0.001
0.001	0.001	0.001	0.997
0.997	0.001	0.001	0.001
0.001	0.997	0.001	0.001
0.094	0.904	0.001	0.001
0.001	0.001	0.001	0.997
0.001	0.001	0.997	0.001
0.001	0.997	0.001	0.001
0.997	0.001	0.001	0.001
>TCCCGAGTTC	25-TCCCGAGTTC	11.925359	-15.775697	0	T:25.0(0.06%),B:7.0(0.02%),P:1e-6	Tpos:114.3,Tstd:59.5,Bpos:92.1,Bstd:32.8,StrandBias:0.9,Multiplicity:1.00
0.001	0.001	0.001	0.997
0.001	0.997	0.001	0.001
0.148	0.850	0.001	0.001
0.001	0.997	0.001	0.001
0.001	0.001	0.997	0.001
0.997	0.001	0.001	0.001
0.001	0.001	0.997	0.001
0.001	0.001	0.001	0.997
0.001	0.001	0.001	0.997
0.001	0.997	0.001	0.001
>SAAVATGGCGGC	1-SAAVATGGCGGC	9.033302	-211.314593	0	T:1865.0(4.43%),B:1111.5(2.68%),P:1e-91	Tpos:100.3,Tstd:55.1,Bpos:108.4,Bstd:50.9,StrandBias:0.1,Multiplicity:1.03
0.176	0.386	0.253	0.185
0.634	0.001	0.364	0.001
0.712	0.015	0.001	0.272
0.353	0.345	0.300	0.001
0.997	0.001	0.001	0.001
0.001	0.001	0.001	0.997
0.001	0.001	0.997	0.001
0.001	0.001	0.997	0.001
0.274	0.724	0.001	0.001
0.001	0.195	0.540	0.264
0.001	0.232	0.589	0.178
0.294	0.511	0.001	0.194
>YACTTCCTCTTT	2-YACTTCCTCTTT	6.665948	-170.853916	0	T:8769.0(20.84%),B:7204.4(17.38%),P:1e-74	Tpos:100.5,Tstd:55.2,Bpos:100.3,Bstd:62.6,StrandBias:0.0,Multiplicity:1.19
0.113	0.423	0.063	0.401
0.482	0.200	0.163	0.155
0.013	0.679	0.114	0.194
0.007	0.011	0.001	0.981
0.003	0.037	0.017	0.943
0.006	0.773	0.010	0.211
0.010	0.961	0.004	0.025
0.018	0.222	0.066	0.694
0.024	0.613	0.144	0.219
0.056	0.195	0.016	0.733
0.016	0.069	0.025	0.890
0.007	0.254	0.033	0.706
>AAAGTGAAAGTA	3-AAAGTGAAAGTA	9.333773	-156.107358	0	T:336.0(0.80%),B:107.4(0.26%),P:1e-67	Tpos:100.3,Tstd:53.4,Bpos:102.9,Bstd:68.1,StrandBias:0.1,Multiplicity:1.05
0.993	0.003	0.003	0.001
0.986	0.001	0.003	0.010
0.995	0.001	0.001	0.003
0.254	0.147	0.579	0.020
0.042	0.004	0.020	0.934
0.030	0.001	0.968	0.001
0.997	0.001	0.001	0.001
0.993	0.003	0.001	0.003
0.995	0.001	0.003	0.001
0.001	0.074	0.924	0.001
0.001	0.091	0.001	0.907
0.887	0.020	0.092	0.001
>ATTTCTAGGCTT	4-ATTTCTAGGCTT	11.297112	-102.385688	0	T:46.0(0.11%),B:2.8(0.01%),P:1e-44	Tpos:106.8,Tstd:55.0,Bpos:43.2,Bstd:11.2,StrandBias:-0.1,Multiplicity:1.00
0.997	0.001	0.001	0.001
0.001	0.040	0.007	0.952
0.007	0.007	0.001	0.985
0.001	0.006	0.001	0.992
0.001	0.997	0.001	0.001
0.063	0.040	0.001	0.896
0.997	0.001	0.001	0.001
0.001	0.001	0.978	0.020
0.001	0.001	0.997	0.001
0.001	0.997	0.001	0.001
0.001	0.006	0.001	0.992
0.001	0.001	0.001	0.997
>TTGCGCATGCGC	5-TTGCGCATGCGC	9.832636	-98.514256	0	T:1466.0(3.48%),B:990.6(2.39%),P:1e-42	Tpos:96.6,Tstd:54.7,Bpos:85.4,Bstd:47.1,StrandBias:-0.0,Multiplicity:1.13
0.112	0.269	0.183	0.437
0.024	0.104	0.123	0.749
0.080	0.030	0.882	0.008
0.053	0.902	0.037	0.008
0.031	0.019	0.928	0.022
0.008	0.950	0.034	0.008
0.705	0.147	0.055	0.093
0.095	0.051	0.119	0.735
0.006	0.018	0.967	0.009
0.014	0.932	0.015	0.039
0.008	0.032	0.919	0.041
0.007	0.895	0.022	0.076
>TTGAAGAGACTA	6-TTGAAGAGACTA	12.160660	-75.199273	0	T:30.0(0.07%),B:1.9(0.00%),P:1e-32	Tpos:112.3,Tstd:57.5,Bpos:54.0,Bstd:0.0,StrandBias:0.8,Multiplicity:1.00
0.021	0.066	0.084	0.829
0.021	0.001	0.043	0.935
0.084	0.001	0.872	0.043
0.977	0.001	0.021	0.001
0.977	0.001	0.021	0.001
0.204	0.001	0.794	0.001
0.997	0.001	0.001	0.001
0.087	0.021	0.891	0.001
0.893	0.085	0.021	0.001
0.021	0.872	0.021	0.086
0.162	0.001	0.001	0.836
0.404	0.163	0.192	0.240
>CCCCCCCCCCCM	7-CCCCCCCCCCCM	8.294873	-74.165188	0	T:6110.0(14.52%),B:5205.9(12.56%),P:1e-32	Tpos:99.2,Tstd:55.1,Bpos:97.7,Bstd:57.0,StrandBias:-0.0,Multiplicity:1.14
0.064	0.644	0.012	0.280
0.009	0.772	0.009	0.210
0.088	0.649	0.029	0.234
0.002	0.911	0.022	0.065
0.084	0.698	0.050	0.168
0.089	0.745	0.008	0.158
0.199	0.724	0.001	0.076
0.145	0.676	0.001	0.178
0.005	0.989	0.001	0.005
0.132	0.788	0.020	0.060
0.106	0.828	0.065	0.001
0.378	0.442	0.033	0.147
>GTGGCGGCGGCG	8-GTGGCGGCGGCG	9.198090	-74.139958	0	T:4231.0(10.06%),B:3482.3(8.40%),P:1e-32	Tpos:98.6,Tstd:54.9,Bpos:104.8,Bstd:55.7,StrandBias:0.1,Multiplicity:1.11
0.063	0.052	0.842	0.043
0.062	0.087	0.056	0.795
0.041	0.035	0.900	0.024
0.050	0.052	0.881	0.017
0.042	0.837	0.042	0.079
0.097	0.042	0.794	0.067
0.041	0.055	0.876	0.028
0.080	0.845	0.026	0.049
0.065	0.066	0.778	0.091
0.058	0.047	0.857	0.038
0.063	0.795	0.084	0.058
0.055	0.064	0.803	0.078
>CTAATCTTAAAA	9-CTAATCTTAAAA	11.593604	-72.213061	0	T:36.0(0.09%),B:2.1(0.01%),P:1e-31	Tpos:82.4,Tstd:50.0,Bpos:138.0,Bstd:0.0,StrandBias:0.7,Multiplicity:1.00
0.043	0.955	0.001	0.001
0.001	0.001	0.043	0.955
0.997	0.001	0.001	0.001
0.911	0.001	0.044	0.044
0.130	0.044	0.044	0.782
0.001	0.751	0.001	0.247
0.044	0.044	0.001	0.911
0.001	0.044	0.044	0.911
0.911	0.044	0.001	0.044
0.955	0.001	0.043	0.001
0.997	0.001	0.001	0.001
0.997	0.001	0.001	0.001
>ACCAAAGCTTTA	10-ACCAAAGCTTTA	11.365252	-65.138078	0	T:27.0(0.06%),B:1.3(0.00%),P:1e-28	Tpos:102.9,Tstd:46.0,Bpos:22.0,Bstd:0.0,StrandBias:1.2,Multiplicity:1.00
0.773	0.058	0.083	0.086
0.196	0.733	0.039	0.032
0.040	0.868	0.027	0.065
0.870	0.065	0.059	0.006
0.845	0.039	0.052	0.064
0.852	0.027	0.076	0.045
0.040	0.058	0.756	0.146
0.046	0.851	0.071	0.032
0.026	0.056	0.039	0.879
0.032	0.032	0.032	0.904
0.052	0.068	0.058	0.822
0.862	0.052	0.046	0.040
>TGCGACAGCAAA	11-TGCGACAGCAAA	12.642272	-65.138078	0	T:27.0(0.06%),B:1.2(0.00%),P:1e-28	Tpos:92.3,Tstd:43.7,Bpos:119.6,Bstd:47.2,StrandBias:0.8,Multiplicity:1.00
0.001	0.001	0.045	0.953
0.046	0.134	0.819	0.001
0.001	0.953	0.001	0.045
0.046	0.046	0.862	0.046
0.997	0.001	0.001	0.001
0.134	0.819	0.046	0.001
0.997	0.001	0.001	0.001
0.001	0.045	0.953	0.001
0.045	0.953	0.001	0.001
0.953	0.045	0.001	0.001
0.907	0.046	0.046	0.001
0.953	0.001	0.001	0.045
>GTTTAGCAACTG	12-GTTTAGCAACTG	10.588889	-63.628721	0	T:38.0(0.09%),B:4.0(0.01%),P:1e-27	Tpos:88.8,Tstd:52.5,Bpos:81.7,Bstd:57.9,StrandBias:0.1,Multiplicity:1.00
0.048	0.061	0.829	0.062
0.054	0.007	0.047	0.892
0.027	0.048	0.061	0.864
0.092	0.048	0.054	0.806
0.776	0.042	0.062	0.120
0.048	0.027	0.883	0.042
0.067	0.822	0.054	0.057
0.837	0.048	0.054	0.061
0.825	0.020	0.127	0.028
0.057	0.777	0.105	0.061
0.048	0.054	0.034	0.864
0.041	0.062	0.842	0.055
>TGGTTGCATTGC	13-TGGTTGCATTGC	10.230875	-63.628721	0	T:38.0(0.09%),B:4.0(0.01%),P:1e-27	Tpos:94.3,Tstd:66.6,Bpos:74.9,Bstd:44.1,StrandBias:-0.7,Multiplicity:1.00
0.081	0.035	0.037	0.847
0.035	0.047	0.836	0.082
0.095	0.046	0.750	0.109
0.023	0.014	0.049	0.914
0.081	0.104	0.001	0.814
0.046	0.014	0.849	0.091
0.107	0.858	0.023	0.012
0.765	0.093	0.095	0.047
0.070	0.081	0.058	0.791
0.035	0.012	0.023	0.930
0.070	0.035	0.883	0.012
0.047	0.777	0.095	0.081
>ATCTAGTAGTTT	14-ATCTAGTAGTTT	10.170010	-53.785865	0	T:45.0(0.11%),B:6.1(0.01%),P:1e-23	Tpos:91.4,Tstd:59.9,Bpos:129.6,Bstd:35.1,StrandBias:0.8,Multiplicity:1.00
0.800	0.089	0.040	0.071
0.096	0.092	0.080	0.732
0.014	0.890	0.057	0.039
0.053	0.039	0.117	0.791
0.895	0.078	0.001	0.026
0.014	0.001	0.906	0.079
0.087	0.079	0.092	0.742
0.795	0.027	0.086	0.092
0.066	0.107	0.746	0.081
0.052	0.013	0.039	0.896
0.014	0.026	0.001	0.959
0.105	0.026	0.013	0.856
>TAAACAATGTGC	15-TAAACAATGTGC	10.525862	-46.524443	0	T:31.0(0.07%),B:3.9(0.01%),P:1e-20	Tpos:98.5,Tstd:58.9,Bpos:77.4,Bstd:26.0,StrandBias:0.4,Multiplicity:1.00
0.088	0.030	0.059	0.823
0.841	0.050	0.040	0.069
0.900	0.040	0.010	0.050
0.910	0.050	0.020	0.020
0.137	0.743	0.050	0.070
0.880	0.040	0.011	0.069
0.838	0.092	0.030	0.040
0.088	0.050	0.070	0.792
0.030	0.040	0.860	0.070
0.059	0.030	0.050	0.861
0.080	0.021	0.780	0.119
0.069	0.793	0.079	0.059
>TTATACTCCAGA	16-TTATACTCCAGA	10.017249	-45.987126	0	T:44.0(0.10%),B:7.9(0.02%),P:1e-19	Tpos:79.3,Tstd:53.1,Bpos:70.5,Bstd:67.2,StrandBias:0.5,Multiplicity:1.00
0.047	0.018	0.028	0.907
0.028	0.064	0.064	0.844
0.806	0.047	0.046	0.101
0.064	0.074	0.066	0.796
0.833	0.056	0.047	0.064
0.028	0.779	0.073	0.120
0.037	0.082	0.029	0.852
0.064	0.797	0.047	0.092
0.046	0.889	0.028	0.037
0.888	0.018	0.057	0.037
0.082	0.057	0.806	0.055
0.826	0.054	0.073	0.047
>TCTACCACACTA	17-TCTACCACACTA	10.205690	-44.170476	0	T:37.0(0.09%),B:5.2(0.01%),P:1e-19	Tpos:108.7,Tstd:45.0,Bpos:133.2,Bstd:51.2,StrandBias:0.4,Multiplicity:1.00
0.024	0.064	0.029	0.883
0.029	0.880	0.023	0.068
0.064	0.059	0.018	0.859
0.758	0.100	0.065	0.077
0.058	0.883	0.023	0.036
0.041	0.900	0.012	0.047
0.820	0.093	0.057	0.030
0.077	0.830	0.070	0.023
0.781	0.029	0.099	0.091
0.035	0.841	0.071	0.053
0.103	0.037	0.070	0.790
0.790	0.082	0.058	0.070
>TGACAGGAVGAG	18-TGACAGGAVGAG	4.396044	-42.208536	0	T:18382.0(43.69%),B:17225.4(41.56%),P:1e-18	Tpos:100.6,Tstd:54.6,Bpos:100.5,Bstd:57.3,StrandBias:-0.0,Multiplicity:1.31
0.037	0.040	0.051	0.872
0.161	0.184	0.485	0.171
0.729	0.173	0.063	0.035
0.049	0.881	0.051	0.019
0.592	0.164	0.211	0.033
0.040	0.182	0.588	0.190
0.245	0.030	0.548	0.177
0.547	0.030	0.231	0.192
0.312	0.313	0.268	0.107
0.040	0.029	0.724	0.207
0.713	0.196	0.036	0.055
0.040	0.032	0.741	0.187
>TTAGGTTTAACG	19-TTAGGTTTAACG	10.429265	-37.266124	0	T:23.0(0.05%),B:3.0(0.01%),P:1e-16	Tpos:100.3,Tstd:44.6,Bpos:75.8,Bstd:7.3,StrandBias:-0.1,Multiplicity:1.00
0.051	0.013	0.053	0.883
0.026	0.038	0.038	0.898
0.834	0.051	0.051	0.064
0.053	0.014	0.895	0.038
0.038	0.051	0.807	0.104
0.051	0.038	0.104	0.807
0.051	0.026	0.038	0.885
0.104	0.013	0.051	0.832
0.833	0.038	0.051	0.078
0.855	0.053	0.066	0.026
0.099	0.759	0.051	0.091
0.102	0.064	0.743	0.091
>CTTAAAAGTTAC	20-CTTAAAAGTTAC	10.554276	-36.547473	0	T:30.0(0.07%),B:4.5(0.01%),P:1e-15	Tpos:95.2,Tstd:59.2,Bpos:136.8,Bstd:12.6,StrandBias:0.6,Multiplicity:1.00
0.082	0.794	0.055	0.069
0.021	0.048	0.027	0.904
0.083	0.062	0.048	0.807
0.835	0.048	0.062	0.055
0.843	0.048	0.068	0.041
0.911	0.021	0.034	0.034
0.883	0.027	0.034	0.056
0.117	0.048	0.793	0.042
0.083	0.069	0.048	0.800
0.109	0.076	0.021	0.794
0.814	0.076	0.021	0.089
0.057	0.839	0.063	0.041
>TGAAAGCTCAAT	21-TGAAAGCTCAAT	11.119918	-30.978862	0	T:24.0(0.06%),B:3.5(0.01%),P:1e-13	Tpos:118.3,Tstd:43.0,Bpos:154.7,Bstd:13.6,StrandBias:1.4,Multiplicity:1.05
0.060	0.039	0.039	0.862
0.046	0.053	0.841	0.060
0.879	0.038	0.060	0.023
0.885	0.038	0.054	0.023
0.887	0.060	0.023	0.030
0.046	0.052	0.819	0.083
0.046	0.869	0.031	0.054
0.096	0.105	0.031	0.768
0.103	0.755	0.046	0.096
0.862	0.062	0.023	0.053
0.834	0.038	0.045	0.083
0.096	0.083	0.061	0.760
>AATGGTTTAACC	22-AATGGTTTAACC	10.409522	-28.731761	0	T:26.0(0.06%),B:4.2(0.01%),P:1e-12	Tpos:89.3,Tstd:46.5,Bpos:80.5,Bstd:32.1,StrandBias:1.0,Multiplicity:1.00
0.700	0.100	0.100	0.100
0.700	0.100	0.100	0.100
0.100	0.100	0.100	0.700
0.100	0.100	0.700	0.100
0.100	0.100	0.700	0.100
0.100	0.100	0.100	0.700
0.100	0.100	0.100	0.700
0.100	0.100	0.100	0.700
0.700	0.100	0.100	0.100
0.700	0.100	0.100	0.100
0.100	0.700	0.100	0.100
0.100	0.700	0.100	0.100
>CACTTGTGAGTT	23-CACTTGTGAGTT	9.370875	-25.042488	0	T:24.0(0.06%),B:4.4(0.01%),P:1e-10	Tpos:115.3,Tstd:46.8,Bpos:175.3,Bstd:20.6,StrandBias:-0.4,Multiplicity:1.00
0.088	0.752	0.091	0.069
0.753	0.076	0.075	0.096
0.066	0.747	0.091	0.096
0.063	0.082	0.086	0.769
0.069	0.067	0.107	0.757
0.059	0.110	0.718	0.113
0.087	0.084	0.100	0.729
0.083	0.083	0.770	0.064
0.735	0.065	0.094	0.106
0.078	0.084	0.746	0.092
0.066	0.082	0.080	0.772
0.062	0.097	0.087	0.754
>AGCAATAGTAAA	24-AGCAATAGTAAA	11.223991	-19.602122	0	T:34.0(0.08%),B:10.0(0.02%),P:1e-8	Tpos:110.0,Tstd:52.0,Bpos:101.8,Bstd:72.9,StrandBias:0.6,Multiplicity:1.00
0.908	0.023	0.046	0.023
0.054	0.071	0.867	0.008
0.262	0.644	0.055	0.039
0.915	0.039	0.015	0.031
0.934	0.017	0.040	0.009
0.082	0.054	0.039	0.825
0.874	0.023	0.040	0.063
0.046	0.040	0.860	0.054
0.257	0.055	0.077	0.611
0.822	0.023	0.077	0.078
0.849	0.097	0.039	0.015
0.910	0.066	0.015	0.009
>GGTCTCGGGCCG	25-GGTCTCGGGCCG	9.694726	-8.481181	0	T:17.0(0.04%),B:6.7(0.02%),P:1e-3	Tpos:88.6,Tstd:54.6,Bpos:78.0,Bstd:47.5,StrandBias:2.7,Multiplicity:1.88
0.001	0.001	0.997	0.001
0.001	0.001	0.997	0.001
0.001	0.001	0.001	0.997
0.001	0.997	0.001	0.001
0.001	0.001	0.001	0.997
0.001	0.997	0.001	0.001
0.001	0.001	0.997	0.001
0.001	0.001	0.997	0.001
0.008	0.001	0.990	0.001
0.001	0.997	0.001	0.001
0.001	0.997	0.001	0.001
0.001	0.001	0.997	0.001
>CGCCATAT	1-CGCCATAT	5.587825	-225.541541	0	T:4912.0(11.68%),B:3585.8(8.65%),P:1e-97	Tpos:99.6,Tstd:55.9,Bpos:103.7,Bstd:53.9,StrandBias:-0.1,Multiplicity:1.08
0.064	0.853	0.065	0.018
0.184	0.023	0.769	0.024
0.106	0.710	0.086	0.098
0.057	0.818	0.057	0.068
0.850	0.057	0.032	0.061
0.067	0.001	0.061	0.871
0.522	0.029	0.149	0.300
0.191	0.102	0.097	0.610
>GGAAGTGA	2-GGAAGTGA	4.118708	-207.725826	0	T:19693.0(46.81%),B:17377.4(41.93%),P:1e-90	Tpos:99.8,Tstd:55.9,Bpos:98.6,Bstd:60.7,StrandBias:0.0,Multiplicity:1.43
0.020	0.009	0.970	0.001
0.087	0.020	0.860	0.033
0.997	0.001	0.001	0.001
0.997	0.001	0.001	0.001
0.105	0.024	0.870	0.001
0.028	0.020	0.034	0.918
0.099	0.035	0.839	0.027
0.801	0.044	0.131	0.024
>GCGGTAGT	3-GCGGTAGT	4.744101	-192.921118	0	T:15100.0(35.89%),B:13029.7(31.44%),P:1e-83	Tpos:100.0,Tstd:55.8,Bpos:101.7,Bstd:57.9,StrandBias:-0.0,Multiplicity:1.20
0.064	0.096	0.776	0.064
0.095	0.758	0.050	0.097
0.133	0.047	0.694	0.126
0.121	0.085	0.749	0.045
0.139	0.124	0.020	0.717
0.848	0.025	0.047	0.080
0.062	0.114	0.724	0.100
0.073	0.117	0.073	0.737
>GTTACGTC	4-GTTACGTC	4.251417	-180.632873	0	T:14774.0(35.12%),B:12778.2(30.83%),P:1e-78	Tpos:100.4,Tstd:56.0,Bpos:98.1,Bstd:58.7,StrandBias:0.0,Multiplicity:1.25
0.256	0.074	0.556	0.114
0.083	0.119	0.032	0.766
0.051	0.053	0.229	0.667
0.530	0.030	0.273	0.167
0.040	0.888	0.001	0.071
0.001	0.001	0.997	0.001
0.250	0.154	0.178	0.418
0.373	0.530	0.056	0.041
>AACCGAAA	5-AACCGAAA	4.888044	-177.640678	0	T:11935.0(28.37%),B:10111.1(24.40%),P:1e-77	Tpos:100.3,Tstd:56.2,Bpos:99.4,Bstd:65.6,StrandBias:0.0,Multiplicity:1.28
0.806	0.082	0.071	0.041
0.740	0.081	0.127	0.052
0.170	0.686	0.082	0.062
0.052	0.674	0.148	0.126
0.142	0.065	0.707	0.086
0.694	0.072	0.168	0.066
0.859	0.051	0.036	0.054
0.836	0.060	0.040	0.064
>GCCATGTT	6-GCCATGTT	7.433760	-169.123716	0	T:2147.0(5.10%),B:1402.8(3.38%),P:1e-73	Tpos:97.7,Tstd:57.1,Bpos:100.7,Bstd:59.7,StrandBias:0.1,Multiplicity:1.02
0.110	0.001	0.888	0.001
0.001	0.997	0.001	0.001
0.001	0.997	0.001	0.001
0.997	0.001	0.001	0.001
0.001	0.001	0.001	0.997
0.001	0.239	0.592	0.168
0.001	0.001	0.001	0.997
0.001	0.001	0.001	0.997
>AACCAATC	7-AACCAATC	4.810565	-103.947845	0	T:9553.0(22.71%),B:8248.5(19.90%),P:1e-45	Tpos:99.4,Tstd:55.9,Bpos:93.5,Bstd:61.4,StrandBias:0.0,Multiplicity:1.23
0.693	0.087	0.182	0.038
0.500	0.169	0.163	0.168
0.015	0.813	0.143	0.029
0.072	0.786	0.035	0.107
0.837	0.001	0.147	0.015
0.916	0.042	0.001	0.041
0.112	0.118	0.001	0.769
0.098	0.651	0.192	0.059
>TAAGGGGA	8-TAAGGGGA	4.845156	-95.072190	0	T:14300.0(33.99%),B:12813.0(30.92%),P:1e-41	Tpos:99.5,Tstd:56.0,Bpos:100.2,Bstd:61.1,StrandBias:0.0,Multiplicity:1.17
0.106	0.056	0.066	0.772
0.739	0.027	0.108	0.126
0.753	0.113	0.084	0.050
0.086	0.059	0.779	0.076
0.096	0.116	0.772	0.016
0.079	0.058	0.798	0.065
0.144	0.071	0.732	0.053
0.660	0.094	0.111	0.135
>TTCCGCCC	9-TTCCGCCC	6.296633	-85.665806	0	T:10980.0(26.10%),B:9705.6(23.42%),P:1e-37	Tpos:100.0,Tstd:56.0,Bpos:98.8,Bstd:59.9,StrandBias:-0.1,Multiplicity:1.11
0.001	0.347	0.001	0.651
0.204	0.035	0.001	0.760
0.001	0.746	0.252	0.001
0.001	0.606	0.392	0.001
0.298	0.001	0.547	0.154
0.072	0.695	0.001	0.232
0.230	0.767	0.002	0.001
0.001	0.690	0.270	0.039
>TGTCGCCG	10-TGTCGCCG	5.599513	-79.193079	0	T:7433.0(17.67%),B:6406.5(15.46%),P:1e-34	Tpos:98.9,Tstd:56.5,Bpos:101.2,Bstd:58.8,StrandBias:-0.0,Multiplicity:1.09
0.040	0.097	0.001	0.862
0.246	0.088	0.472	0.193
0.023	0.040	0.148	0.789
0.095	0.669	0.030	0.206
0.091	0.001	0.907	0.001
0.044	0.815	0.015	0.126
0.074	0.804	0.095	0.027
0.137	0.062	0.692	0.109
>GGGGGGGG	11-GGGGGGGG	5.807799	-60.678928	0	T:20005.0(47.55%),B:18628.7(44.95%),P:1e-26	Tpos:99.8,Tstd:55.8,Bpos:98.2,Bstd:57.9,StrandBias:0.0,Multiplicity:1.52
0.222	0.001	0.595	0.182
0.327	0.001	0.671	0.001
0.001	0.001	0.997	0.001
0.001	0.001	0.768	0.230
0.192	0.001	0.806	0.001
0.156	0.001	0.724	0.119
0.181	0.001	0.571	0.247
0.138	0.001	0.699	0.162
>CTGCTGCT	12-CTGCTGCT	6.823838	-53.647151	0	T:4305.0(10.23%),B:3652.7(8.81%),P:1e-23	Tpos:100.3,Tstd:56.4,Bpos:101.3,Bstd:57.1,StrandBias:0.0,Multiplicity:1.05
0.067	0.931	0.001	0.001
0.001	0.001	0.124	0.874
0.001	0.001	0.997	0.001
0.001	0.910	0.001	0.088
0.001	0.001	0.001	0.997
0.001	0.001	0.918	0.080
0.001	0.759	0.001	0.239
0.001	0.001	0.001	0.997
>AGTAGTCT	13-AGTAGTCT	7.091855	-52.643616	0	T:1106.0(2.63%),B:798.0(1.93%),P:1e-22	Tpos:104.4,Tstd:57.1,Bpos:100.4,Bstd:62.9,StrandBias:-0.0,Multiplicity:1.03
0.866	0.019	0.048	0.067
0.029	0.028	0.897	0.046
0.001	0.166	0.001	0.832
0.944	0.027	0.028	0.001
0.058	0.001	0.822	0.119
0.069	0.001	0.104	0.826
0.066	0.882	0.001	0.051
0.001	0.019	0.001	0.979
>CGCATGCG	14-CGCATGCG	8.251625	-49.872353	0	T:2850.0(6.77%),B:2343.7(5.66%),P:1e-21	Tpos:97.7,Tstd:56.0,Bpos:92.1,Bstd:51.8,StrandBias:0.0,Multiplicity:1.13
0.001	0.997	0.001	0.001
0.001	0.001	0.997	0.001
0.001	0.997	0.001	0.001
0.801	0.197	0.001	0.001
0.233	0.090	0.001	0.676
0.018	0.001	0.980	0.001
0.052	0.874	0.001	0.073
0.001	0.042	0.956	0.001
>TACGGAAG	15-TACGGAAG	6.238055	-45.312630	0	T:2935.0(6.98%),B:2442.7(5.89%),P:1e-19	Tpos:97.3,Tstd:56.2,Bpos:102.1,Bstd:59.2,StrandBias:0.0,Multiplicity:1.02
0.001	0.001	0.025	0.973
0.601	0.001	0.144	0.254
0.001	0.997	0.001	0.001
0.001	0.001	0.997	0.001
0.001	0.001	0.997	0.001
0.802	0.196	0.001	0.001
0.656	0.149	0.001	0.194
0.001	0.001	0.997	0.001
>AGCTTAAG	16-AGCTTAAG	6.739455	-41.220436	0	T:1263.0(3.00%),B:966.9(2.33%),P:1e-17	Tpos:97.9,Tstd:56.5,Bpos:103.0,Bstd:64.5,StrandBias:0.2,Multiplicity:1.04
0.900	0.028	0.027	0.045
0.181	0.071	0.747	0.001
0.036	0.905	0.042	0.017
0.109	0.001	0.033	0.857
0.001	0.001	0.032	0.966
0.923	0.001	0.026	0.050
0.886	0.062	0.051	0.001
0.122	0.052	0.813	0.013
>GTCACTTG	17-GTCACTTG	6.698747	-40.401587	0	T:2043.0(4.86%),B:1659.9(4.01%),P:1e-17	Tpos:100.1,Tstd:56.0,Bpos:94.0,Bstd:56.9,StrandBias:-0.1,Multiplicity:1.04
0.177	0.103	0.719	0.001
0.113	0.001	0.060	0.826
0.004	0.809	0.001	0.186
0.970	0.001	0.028	0.001
0.190	0.804	0.005	0.001
0.158	0.001	0.047	0.794
0.158	0.047	0.013	0.782
0.099	0.001	0.899	0.001
>ABCACAAC	18-ABCACAAC	6.194959	-38.559547	0	T:1140.0(2.71%),B:868.9(2.10%),P:1e-16	Tpos:96.9,Tstd:56.6,Bpos:101.6,Bstd:60.0,StrandBias:-0.0,Multiplicity:1.01
0.577	0.001	0.356	0.066
0.062	0.237	0.315	0.386
0.252	0.484	0.203	0.061
0.694	0.001	0.001	0.304
0.382	0.586	0.031	0.001
0.659	0.081	0.001	0.259
0.952	0.046	0.001	0.001
0.054	0.537	0.272	0.137
>TGAGGAAA	19-TGAGGAAA	9.130628	-36.121357	0	T:934.0(2.22%),B:698.2(1.68%),P:1e-15	Tpos:98.3,Tstd:54.9,Bpos:105.2,Bstd:61.5,StrandBias:-0.2,Multiplicity:1.01
0.001	0.001	0.001	0.997
0.001	0.001	0.997	0.001
0.997	0.001	0.001	0.001
0.001	0.001	0.997	0.001
0.001	0.001	0.997	0.001
0.797	0.001	0.001	0.201
0.997	0.001	0.001	0.001
0.818	0.180	0.001	0.001
>CCCGGATA	20-CCCGGATA	3.736861	-29.272018	0	T:621.0(1.48%),B:451.5(1.09%),P:1e-12	Tpos:102.0,Tstd:55.8,Bpos:96.1,Bstd:60.0,StrandBias:0.0,Multiplicity:1.01
0.298	0.646	0.001	0.055
0.001	0.652	0.058	0.289
0.001	0.997	0.001	0.001
0.001	0.001	0.997	0.001
0.001	0.001	0.997	0.001
0.997	0.001	0.001	0.001
0.001	0.001	0.001	0.997
0.997	0.001	0.001	0.001
>ACTACACR	21-ACTACACR	8.590196	-26.793855	0	T:542.0(1.29%),B:391.6(0.95%),P:1e-11	Tpos:97.3,Tstd:56.6,Bpos:99.2,Bstd:58.6,StrandBias:0.2,Multiplicity:1.01
0.997	0.001	0.001	0.001
0.001	0.997	0.001	0.001
0.001	0.001	0.001	0.997
0.997	0.001	0.001	0.001
0.001	0.997	0.001	0.001
0.619	0.001	0.379	0.001
0.001	0.997	0.001	0.001
0.314	0.135	0.380	0.171
>TATCGATG	22-TATCGATG	10.033685	-24.056524	0	T:65.0(0.15%),B:25.9(0.06%),P:1e-10	Tpos:115.1,Tstd:55.7,Bpos:116.2,Bstd:55.2,StrandBias:0.4,Multiplicity:1.00
0.001	0.001	0.001	0.997
0.997	0.001	0.001	0.001
0.001	0.001	0.001	0.997
0.001	0.997	0.001	0.001
0.001	0.001	0.997	0.001
0.997	0.001	0.001	0.001
0.355	0.001	0.001	0.643
0.001	0.001	0.997	0.001
>TAAGGTCT	23-TAAGGTCT	8.090438	-23.834908	0	T:343.0(0.82%),B:233.8(0.56%),P:1e-10	Tpos:95.2,Tstd:57.2,Bpos:91.2,Bstd:63.7,StrandBias:-0.5,Multiplicity:1.01
0.001	0.001	0.001	0.997
0.605	0.001	0.001	0.393
0.997	0.001	0.001	0.001
0.001	0.129	0.869	0.001
0.001	0.001	0.997	0.001
0.001	0.001	0.001	0.997
0.001	0.997	0.001	0.001
0.001	0.001	0.001	0.997
>CTGTCATT	24-CTGTCATT	8.236954	-23.159151	0	T:230.0(0.55%),B:144.3(0.35%),P:1e-10	Tpos:93.8,Tstd:58.1,Bpos:111.4,Bstd:60.2,StrandBias:-0.5,Multiplicity:1.01
0.100	0.700	0.100	0.100
0.100	0.100	0.100	0.700
0.100	0.100	0.700	0.100
0.100	0.100	0.100	0.700
0.100	0.700	0.100	0.100
0.700	0.100	0.100	0.100
0.100	0.100	0.100	0.700
0.100	0.100	0.100	0.700
>CAATGTAT	25-CAATGTAT	9.152000	-19.198183	0	T:100.0(0.24%),B:52.1(0.13%),P:1e-8	Tpos:86.0,Tstd:55.1,Bpos:89.3,Bstd:54.7,StrandBias:0.4,Multiplicity:1.01
0.001	0.997	0.001	0.001
0.997	0.001	0.001	0.001
0.997	0.001	0.001	0.001
0.001	0.147	0.001	0.851
0.001	0.001	0.997	0.001
0.001	0.001	0.001	0.997
0.997	0.001	0.001	0.001
0.001	0.001	0.001	0.997
