>VMGGAAVTGR	1-VMGGAAVTGR	4.682085	-301.877797	0	T:12543.0(29.82%),B:10186.1(24.58%),P:1e-131	Tpos:100.0,Tstd:55.0,Bpos:97.9,Bstd:59.0,StrandBias:-0.0,Multiplicity:1.24
0.303	0.284	0.276	0.137
0.325	0.402	0.140	0.134
0.190	0.141	0.546	0.123
0.244	0.144	0.521	0.091
0.602	0.143	0.020	0.235
0.845	0.016	0.080	0.059
0.285	0.263	0.398	0.053
0.129	0.206	0.107	0.558
0.231	0.137	0.477	0.156
0.441	0.107	0.323	0.130
>CGCCATNTTD	2-CGCCATNTTD	6.535860	-251.465544	0	T:3164.0(7.52%),B:2068.9(4.99%),P:1e-109	Tpos:99.8,Tstd:55.6,Bpos:106.0,Bstd:54.2,StrandBias:-0.1,Multiplicity:1.05
0.229	0.620	0.140	0.011
0.020	0.192	0.599	0.189
0.010	0.968	0.013	0.009
0.016	0.928	0.052	0.004
0.616	0.222	0.031	0.131
0.059	0.102	0.011	0.828
0.267	0.211	0.234	0.289
0.221	0.098	0.186	0.495
0.095	0.279	0.092	0.534
0.297	0.135	0.319	0.249
>CTTCCCCTTT	3-CTTCCCCTTT	6.304080	-171.646597	0	T:6108.0(14.52%),B:4792.5(11.56%),P:1e-74	Tpos:98.7,Tstd:55.5,Bpos:100.4,Bstd:64.5,StrandBias:0.0,Multiplicity:1.10
0.012	0.613	0.135	0.240
0.001	0.005	0.019	0.975
0.062	0.105	0.047	0.786
0.038	0.838	0.022	0.102
0.034	0.930	0.023	0.013
0.266	0.611	0.026	0.097
0.143	0.499	0.082	0.275
0.037	0.030	0.001	0.932
0.113	0.001	0.001	0.885
0.362	0.001	0.112	0.525
>CGCAACCAAT	4-CGCAACCAAT	4.607979	-144.857442	0	T:10723.0(25.49%),B:9131.5(22.03%),P:1e-62	Tpos:100.0,Tstd:56.0,Bpos:97.4,Bstd:59.2,StrandBias:-0.0,Multiplicity:1.19
0.113	0.676	0.098	0.113
0.104	0.133	0.643	0.120
0.112	0.691	0.099	0.098
0.714	0.094	0.097	0.095
0.708	0.093	0.120	0.079
0.084	0.732	0.097	0.087
0.096	0.711	0.100	0.093
0.731	0.086	0.083	0.100
0.694	0.102	0.080	0.124
0.117	0.107	0.076	0.700
>AAACCGAAAC	5-AAACCGAAAC	6.359118	-140.056204	0	T:4222.0(10.04%),B:3228.9(7.79%),P:1e-60	Tpos:99.6,Tstd:55.4,Bpos:99.8,Bstd:66.6,StrandBias:0.1,Multiplicity:1.14
0.717	0.091	0.095	0.097
0.749	0.089	0.100	0.062
0.704	0.104	0.101	0.091
0.114	0.688	0.117	0.081
0.117	0.647	0.117	0.119
0.122	0.112	0.641	0.125
0.696	0.106	0.115	0.083
0.760	0.090	0.083	0.067
0.725	0.102	0.079	0.094
0.115	0.674	0.115	0.096
>CGTCACGTCA	6-CGTCACGTCA	4.782371	-109.917050	0	T:11578.0(27.52%),B:10122.7(24.43%),P:1e-47	Tpos:99.4,Tstd:55.7,Bpos:96.8,Bstd:55.9,StrandBias:0.0,Multiplicity:1.23
0.111	0.685	0.112	0.092
0.114	0.116	0.677	0.093
0.119	0.109	0.088	0.684
0.065	0.726	0.137	0.072
0.698	0.085	0.104	0.113
0.095	0.728	0.080	0.097
0.063	0.124	0.700	0.113
0.099	0.129	0.120	0.652
0.094	0.758	0.125	0.023
0.670	0.099	0.106	0.125
>TGCGCATGCG	7-TGCGCATGCG	8.240453	-95.636692	0	T:1802.0(4.28%),B:1274.2(3.07%),P:1e-41	Tpos:97.1,Tstd:55.3,Bpos:86.7,Bstd:48.7,StrandBias:-0.0,Multiplicity:1.16
0.048	0.177	0.086	0.689
0.082	0.065	0.764	0.089
0.065	0.888	0.017	0.030
0.085	0.043	0.855	0.017
0.056	0.815	0.061	0.068
0.742	0.100	0.052	0.106
0.128	0.064	0.075	0.733
0.048	0.044	0.815	0.093
0.059	0.881	0.020	0.040
0.061	0.053	0.821	0.065
>HYHCCCCCCH	8-HYHCCCCCCH	6.310721	-88.509463	0	T:5059.0(12.03%),B:4169.3(10.06%),P:1e-38	Tpos:99.4,Tstd:55.2,Bpos:96.2,Bstd:58.4,StrandBias:-0.0,Multiplicity:1.13
0.262	0.308	0.119	0.311
0.112	0.426	0.011	0.452
0.264	0.403	0.014	0.319
0.013	0.664	0.018	0.305
0.021	0.709	0.021	0.249
0.013	0.740	0.015	0.232
0.008	0.730	0.012	0.250
0.154	0.525	0.007	0.314
0.209	0.521	0.011	0.259
0.302	0.383	0.038	0.277
>GTTGCGTAAT	9-GTTGCGTAAT	5.693620	-80.941273	0	T:2085.0(4.96%),B:1553.2(3.75%),P:1e-35	Tpos:102.4,Tstd:54.9,Bpos:99.9,Bstd:59.5,StrandBias:-0.0,Multiplicity:1.03
0.070	0.091	0.689	0.150
0.077	0.274	0.078	0.571
0.006	0.082	0.140	0.772
0.176	0.078	0.610	0.136
0.154	0.508	0.160	0.178
0.089	0.179	0.480	0.252
0.199	0.092	0.120	0.589
0.566	0.336	0.043	0.055
0.689	0.114	0.138	0.059
0.112	0.165	0.121	0.602
>ATGAAAGTAC	10-ATGAAAGTAC	9.808147	-61.062616	0	T:119.0(0.28%),B:36.2(0.09%),P:1e-26	Tpos:93.0,Tstd:52.9,Bpos:107.2,Bstd:58.5,StrandBias:-0.1,Multiplicity:1.00
0.617	0.130	0.120	0.133
0.037	0.001	0.001	0.961
0.001	0.080	0.881	0.038
0.928	0.001	0.017	0.054
0.806	0.001	0.109	0.084
0.898	0.063	0.001	0.038
0.001	0.131	0.867	0.001
0.001	0.259	0.001	0.739
0.997	0.001	0.001	0.001
0.316	0.512	0.076	0.096
>TATTCCGWTA	11-TATTCCGWTA	10.435553	-58.113661	0	T:31.0(0.07%),B:2.2(0.01%),P:1e-25	Tpos:105.3,Tstd:44.6,Bpos:48.0,Bstd:22.4,StrandBias:0.9,Multiplicity:1.03
0.109	0.001	0.001	0.889
0.997	0.001	0.001	0.001
0.001	0.057	0.044	0.898
0.001	0.037	0.001	0.961
0.041	0.921	0.037	0.001
0.184	0.630	0.185	0.001
0.166	0.001	0.832	0.001
0.442	0.007	0.038	0.513
0.001	0.001	0.136	0.862
0.786	0.001	0.212	0.001
>TGCTGCTGCT	12-TGCTGCTGCT	8.033533	-49.450230	0	T:1365.0(3.24%),B:1028.0(2.48%),P:1e-21	Tpos:101.4,Tstd:56.3,Bpos:103.7,Bstd:51.8,StrandBias:-0.0,Multiplicity:1.04
0.057	0.064	0.042	0.837
0.027	0.001	0.938	0.034
0.001	0.906	0.066	0.027
0.001	0.048	0.001	0.950
0.091	0.036	0.872	0.001
0.001	0.969	0.001	0.029
0.001	0.001	0.041	0.957
0.013	0.033	0.926	0.028
0.041	0.875	0.001	0.083
0.036	0.070	0.001	0.893
>ACCATTTCTA	13-ACCATTTCTA	8.902729	-38.831400	0	T:59.0(0.14%),B:15.7(0.04%),P:1e-16	Tpos:91.8,Tstd:63.5,Bpos:53.4,Bstd:43.1,StrandBias:0.1,Multiplicity:1.00
0.997	0.001	0.001	0.001
0.001	0.997	0.001	0.001
0.200	0.798	0.001	0.001
0.997	0.001	0.001	0.001
0.001	0.001	0.001	0.997
0.001	0.001	0.001	0.997
0.001	0.001	0.001	0.997
0.001	0.997	0.001	0.001
0.001	0.001	0.001	0.997
0.989	0.001	0.009	0.001
>GCTTTCTATT	14-GCTTTCTATT	11.533317	-36.598029	0	T:36.0(0.09%),B:6.9(0.02%),P:1e-15	Tpos:88.2,Tstd:61.2,Bpos:51.9,Bstd:37.1,StrandBias:0.1,Multiplicity:1.00
0.001	0.001	0.997	0.001
0.001	0.898	0.100	0.001
0.001	0.001	0.001	0.997
0.001	0.001	0.001	0.997
0.001	0.001	0.001	0.997
0.001	0.997	0.001	0.001
0.001	0.001	0.001	0.997
0.997	0.001	0.001	0.001
0.001	0.001	0.001	0.997
0.001	0.001	0.001	0.997
>TCAAGTGTTT	15-TCAAGTGTTT	13.718244	-34.209921	0	T:17.0(0.04%),B:1.7(0.00%),P:1e-14	Tpos:77.9,Tstd:50.4,Bpos:98.0,Bstd:0.0,StrandBias:0.9,Multiplicity:1.00
0.001	0.001	0.001	0.997
0.001	0.997	0.001	0.001
0.997	0.001	0.001	0.001
0.889	0.109	0.001	0.001
0.001	0.001	0.997	0.001
0.001	0.001	0.001	0.997
0.001	0.001	0.997	0.001
0.001	0.001	0.001	0.997
0.001	0.001	0.001	0.997
0.001	0.001	0.001	0.997
>ATCTGGAGCA	16-ATCTGGAGCA	10.296193	-32.446657	0	T:21.0(0.05%),B:2.9(0.01%),P:1e-14	Tpos:74.7,Tstd:48.1,Bpos:102.5,Bstd:48.4,StrandBias:0.9,Multiplicity:1.00
0.700	0.100	0.100	0.100
0.100	0.100	0.100	0.700
0.100	0.700	0.100	0.100
0.100	0.100	0.100	0.700
0.100	0.100	0.700	0.100
0.100	0.100	0.700	0.100
0.700	0.100	0.100	0.100
0.100	0.100	0.700	0.100
0.100	0.700	0.100	0.100
0.700	0.100	0.100	0.100
>AGAGAAGTCG	17-AGAGAAGTCG	10.296193	-32.446657	0	T:21.0(0.05%),B:2.8(0.01%),P:1e-14	Tpos:108.4,Tstd:52.4,Bpos:117.1,Bstd:42.3,StrandBias:-0.2,Multiplicity:1.00
0.700	0.100	0.100	0.100
0.100	0.100	0.700	0.100
0.700	0.100	0.100	0.100
0.100	0.100	0.700	0.100
0.700	0.100	0.100	0.100
0.700	0.100	0.100	0.100
0.100	0.100	0.700	0.100
0.100	0.100	0.100	0.700
0.100	0.700	0.100	0.100
0.100	0.100	0.700	0.100
>ACCGGACAGG	18-ACCGGACAGG	10.296193	-28.731761	0	T:26.0(0.06%),B:4.4(0.01%),P:1e-12	Tpos:98.8,Tstd:54.6,Bpos:84.2,Bstd:43.1,StrandBias:-0.4,Multiplicity:1.00
0.700	0.100	0.100	0.100
0.100	0.700	0.100	0.100
0.100	0.700	0.100	0.100
0.100	0.100	0.700	0.100
0.100	0.100	0.700	0.100
0.700	0.100	0.100	0.100
0.100	0.700	0.100	0.100
0.700	0.100	0.100	0.100
0.100	0.100	0.700	0.100
0.100	0.100	0.700	0.100
>AATCACAAGG	19-AATCACAAGG	12.631929	-27.970587	0	T:31.0(0.07%),B:6.8(0.02%),P:1e-12	Tpos:100.6,Tstd:53.8,Bpos:73.7,Bstd:47.0,StrandBias:0.3,Multiplicity:1.00
0.997	0.001	0.001	0.001
0.997	0.001	0.001	0.001
0.001	0.001	0.001	0.997
0.300	0.698	0.001	0.001
0.997	0.001	0.001	0.001
0.001	0.997	0.001	0.001
0.997	0.001	0.001	0.001
0.997	0.001	0.001	0.001
0.001	0.001	0.997	0.001
0.001	0.001	0.997	0.001
>GCTAACTGGG	20-GCTAACTGGG	10.296193	-27.811832	0	T:19.0(0.05%),B:2.7(0.01%),P:1e-12	Tpos:97.7,Tstd:56.7,Bpos:71.6,Bstd:51.9,StrandBias:0.3,Multiplicity:1.00
0.100	0.100	0.700	0.100
0.100	0.700	0.100	0.100
0.100	0.100	0.100	0.700
0.700	0.100	0.100	0.100
0.700	0.100	0.100	0.100
0.100	0.700	0.100	0.100
0.100	0.100	0.100	0.700
0.100	0.100	0.700	0.100
0.100	0.100	0.700	0.100
0.100	0.100	0.700	0.100
>TAGGGCACGC	21-TAGGGCACGC	11.619495	-26.879731	0	T:22.0(0.05%),B:3.5(0.01%),P:1e-11	Tpos:99.7,Tstd:56.2,Bpos:82.2,Bstd:35.4,StrandBias:0.5,Multiplicity:1.00
0.001	0.001	0.001	0.997
0.997	0.001	0.001	0.001
0.001	0.001	0.997	0.001
0.001	0.001	0.889	0.109
0.001	0.001	0.997	0.001
0.001	0.997	0.001	0.001
0.997	0.001	0.001	0.001
0.001	0.997	0.001	0.001
0.001	0.001	0.997	0.001
0.001	0.997	0.001	0.001
>AGTCAGTCAG	22-AGTCAGTCAG	10.296193	-20.653024	0	T:24.0(0.06%),B:5.5(0.01%),P:1e-8	Tpos:98.5,Tstd:47.8,Bpos:107.7,Bstd:41.4,StrandBias:0.2,Multiplicity:1.04
0.700	0.100	0.100	0.100
0.100	0.100	0.700	0.100
0.100	0.100	0.100	0.700
0.100	0.700	0.100	0.100
0.700	0.100	0.100	0.100
0.100	0.100	0.700	0.100
0.100	0.100	0.100	0.700
0.100	0.700	0.100	0.100
0.700	0.100	0.100	0.100
0.100	0.100	0.700	0.100
>AGTCCAGACA	23-AGTCCAGACA	9.413053	-20.653024	0	T:24.0(0.06%),B:5.3(0.01%),P:1e-8	Tpos:100.1,Tstd:54.6,Bpos:116.4,Bstd:39.6,StrandBias:0.9,Multiplicity:1.05
0.997	0.001	0.001	0.001
0.001	0.001	0.997	0.001
0.001	0.001	0.001	0.997
0.001	0.997	0.001	0.001
0.001	0.986	0.012	0.001
0.997	0.001	0.001	0.001
0.001	0.001	0.997	0.001
0.997	0.001	0.001	0.001
0.001	0.997	0.001	0.001
0.997	0.001	0.001	0.001
>AATACCTGCA	24-AATACCTGCA	11.471442	-20.128100	0	T:26.0(0.06%),B:6.3(0.02%),P:1e-8	Tpos:122.7,Tstd:47.4,Bpos:116.2,Bstd:48.4,StrandBias:1.0,Multiplicity:1.00
0.997	0.001	0.001	0.001
0.997	0.001	0.001	0.001
0.001	0.001	0.001	0.997
0.997	0.001	0.001	0.001
0.001	0.997	0.001	0.001
0.094	0.904	0.001	0.001
0.001	0.001	0.001	0.997
0.001	0.001	0.997	0.001
0.001	0.997	0.001	0.001
0.997	0.001	0.001	0.001
>TCCCGAGTTC	25-TCCCGAGTTC	11.925359	-15.775697	0	T:25.0(0.06%),B:7.0(0.02%),P:1e-6	Tpos:114.3,Tstd:59.5,Bpos:92.1,Bstd:32.8,StrandBias:0.9,Multiplicity:1.00
0.001	0.001	0.001	0.997
0.001	0.997	0.001	0.001
0.148	0.850	0.001	0.001
0.001	0.997	0.001	0.001
0.001	0.001	0.997	0.001
0.997	0.001	0.001	0.001
0.001	0.001	0.997	0.001
0.001	0.001	0.001	0.997
0.001	0.001	0.001	0.997
0.001	0.997	0.001	0.001
